200
766
381
1088
722
1343
327
1877
1238
-144
-240
-1973
-2
-1246
264
-1
-454
1850
-1800
-1174
-1649
14
1372
93
-1637
-1444
-398
-639
261
-1165
-823
850
1342
499
-658
-1020
-1682
-1080
1544
-1492
1717
237
1511
-1577
1008
-395
-1032
-1314
1965
-712
1361
-719
-642
-796
1457
406
477
-1661
1642
-995
-630
-945
62
747
-1651
171
-162
-870
-1548
-837
1011
-1544
-1713
975
-1040
1826
1078
995
335
-970
1458
1665
-1753
1679
-1184
-200
-1490
-597
-1672
1374
1186
403
-1378
-1074
-1833
-1172
-1846
317
1840
731
-1836
-1520
-789
-1201
-672
-1304
-1768
707
1556
-729
-1913
-715
-1208
-648
701
1685
246
-1482
-1139
1484
144
914
-1192
1113
-424
1133
-1461
-1938
18
-847
1708
-921
644
1096
-304
-963
-76
476
-872
1548
-517
493
-1311
160
-1453
-1117
782
487
824
900
-1638
-1992
-987
-1796
-1356
1698
-996
926
541
728
761
-1447
1940
-973
-286
-718
860
1067
663
-1993
-1519
-513
855
-1890
-1288
-556
-1954
-1995
1596
906
-1187
185
-1467
-701
-933
413
849
-1394
1453
1743
-549
1999
-566
1220
1422
1331
1292
142
1920
-1322
565
