1000
4753
1817
-7776
2433
92
9470
-6414
-5377
2113
9459
579
6427
-7018
4441
2039
-8925
-3459
-3870
4210
2292
3137
893
-8241
1518
445
-2549
6647
5313
4103
-4309
5091
3821
7233
-218
-34
-3894
-3435
5644
3963
-8036
-9905
-7025
5343
8607
-2855
436
7775
8479
8107
-6166
-767
-4892
-1930
-2923
5351
-9491
-6234
-1894
-9764
7042
3394
-6457
-1547
2853
1470
-7146
-6564
7184
3631
-418
-9218
-6149
184
-4013
7609
7413
-7219
642
6388
1117
-5344
-9213
-5763
9581
5146
-9928
-7876
7368
-8971
8900
8244
8229
2477
-3222
244
7073
-6511
8190
7168
8
-8059
-9083
-5402
-3614
-9502
-5888
9440
6361
-7414
2671
7637
-7015
-7708
6294
-3473
5779
-2778
1670
-6194
-4331
2381
1799
8460
7173
3757
-6598
-9073
4438
9840
-5962
8807
-5551
-2225
-2714
-2722
499
-8687
-7483
-5247
8802
-4437
-4722
1064
7569
-4690
5811
-5263
8620
-3545
7891
-2492
7570
3710
5246
-7563
5452
2915
-9199
7591
-4491
-7264
1353
9476
5675
9831
4063
-8482
9933
9135
-3046
-4936
7333
3159
6252
8537
9400
-4522
-306
-3731
-7642
-5821
7611
-8473
9550
-6590
468
-7772
-9113
-1175
-1269
7270
-5330
-9765
-1030
-3920
-6415
-9673
-5975
-8774
3539
4911
-1176
-2708
1946
1047
-3544
5658
-3344
-9901
8565
831
194
-6199
6665
6157
1158
-8191
-8996
955
3295
8882
-7688
-8195
475
-7273
-1699
-5579
9098
4548
-4851
-3419
-5031
-5304
6544
8225
-6444
3634
8025
3490
563
-2019
536
2840
-9029
1802
-8218
-2945
-610
-7713
3388
5491
1283
-4289
921
-598
-1607
-3609
-3096
-2624
-7961
-7093
-6489
-6404
-4549
7667
4819
1805
-5003
-1004
6106
3707
7336
-7178
-6595
9945
1294
-9039
5041
1514
9919
7204
-1414
-7970
-8453
9692
1685
-623
-8952
6795
3951
-8740
-9349
4282
8624
6756
2589
4806
4727
-4562
1615
-5886
-9431
-1746
-1431
8720
-6085
1321
8546
2712
8507
2738
4624
1602
6986
8549
-6742
4789
-6753
-6017
3803
1630
3230
905
-2371
2719
1875
-3040
-4140
8799
7648
-4105
-2377
-3889
1690
-1013
1531
5683
7717
5540
-7459
5790
-3921
6109
4094
-2814
-5223
7585
-129
5049
-208
-562
-8160
5317
6185
-9988
4598
-3853
6345
8067
-5252
3090
919
-8821
-7295
3718
-6537
519
-2786
331
604
281
-4640
-7871
399
7266
-1291
9072
-8000
6920
-4257
9294
9955
-914
6355
-1922
8118
-4167
6298
3516
-7949
-7424
-2421
-8893
5902
4060
-9267
-4672
-3152
-6767
4362
-6852
110
2079
9062
3637
-8130
4207
6285
-7656
9010
-5724
6662
-1252
6170
-648
7800
-4305
-8068
-4733
4342
626
-9343
4648
-4678
-6897
-1343
-2784
3004
8594
-1255
-6445
-6812
-8268
6159
5214
-7621
5927
9472
3073
5608
-9844
4986
8905
-9906
5595
4087
9625
-4045
-8331
2687
4604
3537
-6126
639
-35
9677
-6356
-6307
8706
-2983
2282
5378
3959
-9258
-1667
-4467
-1268
-6646
-5054
379
6401
9444
734
9264
-607
2655
-3071
-1681
-1353
-2654
-4947
5963
-5681
-4919
-6003
-3355
782
7395
-866
-8114
-4119
2729
-3734
-7004
-3405
-1576
3526
1542
4550
-4771
-2233
4971
-6012
-1549
1627
6059
9717
8209
-8240
-6105
5202
1785
3483
1285
-1845
7016
-3780
209
4887
9833
-5291
-1055
7993
5421
6884
-5525
-2641
8454
1707
8491
5881
-6718
-4807
1249
-6769
-300
-706
-6659
-7671
-7134
-6309
2103
6485
-8816
-8262
762
-4825
-1563
2856
-421
1836
-4742
-7467
4023
-7215
-2861
504
-8345
-2275
9131
6873
-3554
7415
-7468
-9463
-4501
-4261
7649
-9231
1287
1132
-6966
-8502
7981
5761
-3090
1322
-6203
-7088
340
6818
-7200
-74
2019
461
4337
-7830
-9147
9021
-4403
8869
5611
4424
8312
-6951
-6496
1747
-4234
5575
9180
5368
5733
8061
9893
-3348
-961
-9550
-9814
3691
-298
-4843
-240
6497
7451
9965
4524
8557
3982
3250
-5547
-3180
3154
7804
-5858
3867
-2644
-1288
-4478
310
-6678
-1080
-7752
-5302
4402
-2040
1676
-9739
-4514
3097
-8979
3007
6058
-243
4674
-1711
362
4293
7247
-3663
2149
-1628
5543
5700
8120
8395
4694
1329
3142
-2832
-1741
7856
-1749
-3633
-6548
7450
-8799
-7682
8702
9342
1895
-6417
-5098
9910
-2236
-4625
8263
2301
-5499
3692
-2743
3925
2823
-5241
6716
3507
8448
-6867
-3904
-5185
-8280
-1075
4532
-1272
-5586
-3030
-1056
7355
6546
-9422
-6885
-6391
-890
-7327
-2118
-8701
-2484
-1956
9499
1404
-7329
-4147
-3075
6299
-2709
8904
1074
-8476
-1318
940
-3421
4803
-4685
5017
74
-2403
-3047
7021
2478
3183
-8526
-1287
5958
-7197
-3353
-9154
-6533
2251
-4
4225
8697
-7513
7696
-6088
2830
177
4743
-9284
2695
4698
5183
8242
7102
-5187
9188
-7157
7756
1018
-6352
5551
1245
-4865
-3426
1162
9112
-2164
-756
2410
-5451
8519
-8091
-666
-7051
-8275
-713
-4543
7531
-5803
1972
9439
2157
-2715
485
8089
-1436
-3241
5859
8573
-8719
9324
8416
-8290
787
-6540
-1297
1594
-6772
-5592
-8031
9520
-8111
-7700
-7113
-5717
5141
-3202
4448
5541
7895
9613
-8016
2146
-9658
6562
8726
-9205
9300
-4795
2375
-9006
9876
7369
3135
-2496
-495
-8237
-7382
5218
-3687
-5020
8918
8927
7904
-9743
-5016
-4424
1479
5665
7975
-3332
1272
586
-2838
-7158
-4464
8249
-3839
-9800
553
-6246
-496
-466
-9481
5969
-6074
8164
-4558
-1720
1418
-4401
-6535
7509
-5965
7066
1180
-1405
-9292
-1725
5939
2344
814
-7002
9707
9302
8964
-5634
-8284
3940
-9803
-3728
5512
3075
-9298
-5977
4919
6557
-2521
8021
-877
-6658
-1159
5416
8575
-81
976
-3613
-7429
6469
5267
7468
-805
-4344
2888
-2690
4792
4820
-9674
4398
-5324
4346
1847
663
582
261
-3654
-6173
-830
-5366
2923
3674
-4915
-3832
30
3851
3988
-7829
5701
8336
7964
5633
-589
-6894
6800
7439
4250
6850
-8798
1276
7302
-1649
5730
5388
-327
8961
6817
9305
1647
-345
-4395
-342
427
2462
-5229
-2797
127
8885
-7438
170
7859
-4918
6661
622
-3108
-8853
4189
4437
-5957
804
-8875
6905
-3900
-8902
452
-8337
8026
-7041
7632
-5950
-4826
8863
9066
-6311
298
-3123
8031
8858
-8313
-1354
-3605
745
-1019
948
-4856
4326
4577
-6111
-4861
-8987
4831
963
5240
