500
-4071
422
3093
1192
-4452
1486
646
-2501
-4557
-981
-3219
376
20
3540
251
2234
2375
1516
-174
-4828
4117
762
1306
4415
1960
188
4478
4194
1177
3863
-2936
1023
465
-3260
3793
2626
-2324
591
4201
1532
-2622
2726
-3605
-4190
4788
1956
4926
-1960
-215
4662
3385
-4335
-4105
-3335
2332
907
-4864
-2139
-4556
-3857
1996
-928
4184
1719
-4173
546
4096
-359
-2886
538
4375
4864
-2986
-2336
-4147
1425
1979
3309
-4692
-3295
1926
33
4849
-436
2352
2746
-1015
2068
3531
-4372
309
3927
3374
-2735
-3774
-3501
-4961
3782
-3271
-616
4750
-4322
-3783
3366
-4908
1977
213
4219
-1998
-2914
1006
3063
1849
4906
-1266
-4337
4515
-1976
1764
-3006
-1173
-3915
-3358
3201
3971
-1231
-4593
3317
507
4822
-4920
2646
1084
-1448
1694
567
-2306
-4539
1634
2249
-3034
1028
-2586
1282
-2601
-4676
909
896
-1331
-4319
-3694
-4921
2872
2290
4239
-4712
-1589
851
-2088
3940
2832
3897
-1718
-1826
2330
3684
1833
583
380
-4642
4497
-3217
4983
2398
-3839
1945
-3761
3213
-2207
760
-119
2175
2003
4817
-1481
-3714
-282
749
-1785
-4487
2158
-2015
-2829
1118
-1263
-1991
3532
4250
-2591
4645
-3737
-2673
-120
-920
3231
-1575
-2944
-2750
-3066
-2093
1779
2687
831
2488
-1994
2479
4728
-3573
-2980
2436
1335
-3819
-214
3011
2327
-4756
1053
-4903
189
-4851
2942
4208
4650
1533
4408
654
-723
-2019
-416
-4007
2423
-3122
2922
-2989
-753
1361
32
3341
330
-4733
2552
3786
2514
-4484
-3412
-3895
-4901
6
692
4674
2365
-3180
-4294
4331
1495
-1420
-3745
-3506
4411
-1554
-4028
4868
-2592
-3100
-3919
-502
-626
593
3558
392
-4301
3810
4469
4037
3482
1073
3968
3363
3457
3781
-2176
4460
1980
619
66
-2209
-2354
3915
2252
2981
3955
-2069
3535
-2741
3638
1106
-2163
1039
-126
-2729
1890
487
368
1797
1048
4448
3991
3602
3876
-183
351
1548
621
119
1046
4218
3512
-4945
791
-2412
-2855
-1596
-1169
2309
3170
3686
2685
3983
4733
-4795
-506
-161
-4835
3497
-3781
210
3219
-1570
-2484
3161
4205
784
1562
2901
3391
4968
-319
4080
-2372
-274
-2156
-293
-4761
355
-4119
4209
-1663
-3255
1326
4280
408
-2856
-2889
1191
974
972
-833
-499
-3031
293
1769
-1546
-4509
2560
-3257
-3827
-398
1027
577
-1049
1095
1249
767
4807
2240
-1162
-1289
811
-1963
-4465
-2263
-4078
-2726
-660
3368
-701
-2055
699
2764
-3487
850
2985
2385
2221
4555
1520
-4424
-4133
943
-3231
-1979
4462
-4095
-2389
4056
4745
-1377
162
3371
4821
-811
3171
2180
3399
2147
554
3875
-3762
4531
-1594
432
3694
-4082
305
-4188
-3768
-2342
315
-2950
2539
-3702
-2187
2422
-4361
1235
-693
2683
-455
320
-4483
3132
4293
-2245
1692
4989
-2813
4045
4340
1313
-3754
2589
-2819
-4778
-4366
-4185
204
-3243
-3046
443
152
-264
4525
-1090
3329
3166
-3414
3330
1262
3027
4934
4579
3681
533
-345
-2559
185
-3471
-2967
4663
-2226
