300
-2465
-2095
-2870
1873
2054
-1275
-2189
-1549
694
1148
-234
512
-1229
1377
-2180
-2933
-273
-1735
36
1392
-1447
385
1704
-986
1848
2344
790
1172
-2427
2619
-2935
1816
-2126
-21
-47
-238
2286
2840
-1502
-1761
-692
522
2047
2854
-582
-324
-230
-2199
1647
-2150
-824
2751
-1511
2805
-1399
1996
769
-2504
-2639
1391
729
2600
-2228
535
-2112
2796
-2923
1491
274
1619
2328
179
2525
2296
1578
-574
2214
446
-1418
-430
-1144
364
-2059
1548
1395
2334
-2263
-1812
-2088
1951
1331
-407
-180
2232
-2351
1629
2515
-285
1022
-1656
854
-1164
-909
-704
-42
584
2696
-2796
344
10
-1461
716
2308
1456
-2782
-2411
1645
-1859
-744
-670
-2342
-2258
745
2776
-338
-317
1824
-2816
404
-1501
2497
-924
2778
2549
-1214
-1247
2125
-233
2455
1381
616
2679
1623
2519
1451
2801
3
1781
932
-966
-2592
2152
-2407
-1680
-1584
-865
2270
1499
911
2483
1887
1270
1937
2503
-959
1490
1733
1322
1047
1574
1605
-1377
129
2273
793
2832
1919
267
-1821
1497
2285
-1443
1404
2419
673
843
726
-1017
-1429
-1516
1836
-1684
122
384
2417
285
2646
-2675
2904
2739
1963
-333
-2662
-2052
-1606
510
2522
2107
-1567
-2365
-751
-2680
1563
2531
-2840
-2007
2570
1960
462
-1933
-1836
2138
-2689
-819
-183
863
-1149
-2721
-43
-442
2082
1957
1440
651
25
1203
380
1706
-250
1518
-1805
278
-761
-2001
-282
1028
1510
-2795
578
2520
-2609
-204
-1251
131
1212
1896
-1536
-1391
2124
1155
1688
2269
-918
-1231
-873
-2961
425
-980
-1146
2966
-1816
-653
2819
-2536
-2068
-1978
2560
-892
-2661
-2704
1874
-229
-2250
-1749
659
2676
2601
391
-2005
-2671
-1991
-1292
560
-1871
-2270
-1908
1147
1114
1917
-2876
