900
2484
-5287
-5678
-666
-1344
8804
-6968
-2577
-6087
1248
-6242
4696
-2006
6852
1399
-4834
6876
6824
-7805
5001
4891
-8322
3832
-5783
5555
-1245
-4229
-2103
-696
2668
3311
-1961
-6131
2468
-8176
5147
-7901
7746
4537
4709
7097
25
3618
5939
-3202
-725
1624
7470
5808
-5978
-5162
-1861
-249
5497
7563
-1467
-8179
-7747
4406
6783
3805
8143
-3985
-2882
2946
-5513
-1892
8053
7761
-4982
-2579
-3081
-201
6866
-4561
3484
-6521
2178
-2460
-1226
1719
-5885
8951
8998
-2547
4260
8761
1489
1033
-8783
-2865
-6673
-8717
8544
-2219
-3804
-1086
8967
-3620
4883
-9000
-3139
-7478
2271
3879
2491
-8615
-451
8788
3900
-1689
1644
-4098
-2844
-2991
-7577
2481
-1836
-2319
-5393
-1927
2432
-4532
-4321
-5027
1087
1209
-972
-8214
-7821
-5389
-7017
1549
8436
-5997
3033
7700
-459
-1817
-3737
5466
1623
-6882
3254
-3518
-5254
-3251
7624
-4481
-5897
8669
668
8007
3299
8473
4918
7268
594
-1607
8680
-4767
4177
4116
-8017
2529
-6139
1810
8976
7400
4919
-6250
-4123
5693
-3593
-6959
2628
-7585
-3602
2781
5508
-8930
5028
-3662
-830
1401
1471
6525
-5974
-5796
6094
-4091
-1963
5312
-6238
4038
3213
5867
-7492
-1288
3518
-1163
5881
4749
-6350
-5723
-7433
7020
3235
-8690
-7476
-8606
8726
-182
-3337
-2535
765
3454
3708
-1176
2017
5968
6379
7466
-1841
-5601
3902
2753
4630
-3545
4938
4275
-1217
1806
-8201
1398
-4715
5652
1197
-2502
-8512
8848
-3855
1176
2190
-6780
4846
-5239
3943
-6089
4262
198
-1873
3661
-5615
-5573
419
1833
4073
8663
-4418
2876
5069
7712
4349
6898
-3637
7095
7346
-281
2600
-4611
2931
-6638
3553
2436
-2118
4995
-2908
1432
3740
4951
6020
7646
5278
-3151
4125
-4885
4364
-7549
601
7612
-7550
506
6830
4243
-7327
-3435
-7528
-4178
1273
2341
-2164
-608
5530
2849
-3829
-3919
-1268
7071
1155
-3153
3823
-805
-3142
7664
-8575
396
-8105
4881
-6770
-4949
-1099
-1863
7128
8687
7193
2608
-55
-5104
-389
7065
3026
-3826
-8426
1507
5283
-1885
872
-4249
1119
1511
-7378
1136
2932
-2121
-1587
6971
6755
6632
-1631
988
1034
7605
-4027
-4792
-8945
-6953
5190
-662
-2425
-7777
8045
8917
-7570
-2055
-5958
-1295
-3393
590
3882
3023
-890
2374
4335
-8002
-810
7615
1732
329
8796
7245
6225
7164
-1546
-7266
-6865
7009
6152
1599
3986
-6204
2840
-5768
-4364
-3383
1500
3500
-2950
-7810
265
7463
-2400
8641
466
-4173
7735
-2979
-946
-5859
-4566
-5459
692
-4120
-472
6534
8932
-8039
-7763
1187
-6383
2658
-8166
8244
-6814
8711
8151
-7562
2399
-2532
-1294
5330
3183
-7764
-1726
5988
-1389
-5399
7348
-1659
4105
-5280
351
8890
4149
4184
4690
8960
8568
5848
-8091
-2851
-561
7611
-1414
5261
7796
1571
-5908
-1907
3922
-4151
-3848
-1277
5503
2141
-7176
4665
7590
7171
2203
-3831
3122
4637
-7890
7156
-2913
6183
-101
1946
320
-4411
-7026
4237
4297
-4609
6574
599
-5492
6325
2424
-6752
6922
4620
-5294
8514
561
4138
-6687
1359
-1078
5380
4733
8837
5757
-3226
8271
-1072
-8064
34
5974
-826
-8977
-2639
6419
1680
-2970
5205
6151
-2670
3227
7966
-7603
-5627
-4207
6871
-7367
5446
5293
5099
2499
5385
-3914
5778
4885
7923
5364
-6082
-5999
2452
-1152
4996
4173
454
7921
-707
-517
-6254
-2815
3256
-7003
7899
729
-3707
-653
-3969
-888
1551
-4012
-7927
-4736
-28
8270
3167
5292
-3866
6516
-3997
-1901
-874
-7434
-6002
2093
-2759
4655
-3573
-3883
2524
401
-2611
-3819
673
4025
-4462
-3555
5252
4354
-3796
-6175
6786
-5121
-536
434
6762
914
-4323
-2033
5866
-3305
-1449
-3524
1864
-1013
4914
-1646
-3845
-7575
-771
2674
-4253
-6762
-3125
-2270
-295
-523
-6815
1696
-7902
1637
7765
7330
-410
-3145
-6266
-8219
-8088
4527
1931
-8517
4678
1626
-5434
-1887
-4568
-3425
1564
-7133
-2715
-2980
8192
2521
-7130
8261
-6848
3999
2334
-4235
4
4426
392
-4222
3331
-8816
3078
-968
-2728
4235
145
3250
8504
-8195
7990
819
-3082
-4770
-8067
6980
-401
-7426
-6756
-4818
1901
5509
5462
-2911
-8947
-3240
-3520
-3873
2532
5422
8405
2501
-6516
5062
-6650
2774
8274
4076
3281
-8304
-2342
8323
-4172
5383
7375
6864
-2056
1457
-7283
5182
-8347
-8986
-8482
-4598
-1712
648
1228
6940
8585
2021
7779
-3297
969
-362
-8340
5328
-326
-4106
-5795
-6571
-6110
8696
-7770
-8
-8743
3437
3027
-8970
6226
-6976
-74
3464
-1600
-1647
-8167
-7785
-3094
-5481
-1150
4558
-2349
-6282
3287
7224
3187
2566
1173
8292
290
2447
-5979
3194
5956
-3579
4645
7679
-7599
-7790
-625
6815
5163
-8980
2425
-7285
4758
1770
-1594
843
-505
6751
-3987
910
-5890
-512
5179
-7590
-5613
-2775
-1260
7317
7444
-8069
-7627
-8553
5989
5576
4274
-6387
4882
4255
6678
4070
-3956
-158
-7753
6703
5840
-5355
-2747
-1300
3488
6610
8914
-2017
1326
1731
2811
-7463
6986
931
4225
-5821
-6000
-3309
-7041
-4018
4997
-3116
-3858
2384
-2824
-2798
-8805
973
2441
5711
3662
-8693
-8197
-6182
-79
3300
-5575
8487
-465
-7931
4462
-4957
-3474
7594
-1593
4667
-1846
1438
8253
1403
6164
5725
8106
-4250
2938
-2678
-7016
-1205
-8681
-3828
7904
6236
-818
8241
5708
-4427
-7264
5
3045
-1737
1642
1239
7539
8385
4339
5186
-2725
1329
1396
-5568
6577
6278
-8070
8587
-744
8736
-1377
-1528
-4812
-3247
-5879
-3074
-1725
3864
6162
-4079
3646
-8020
3739
5428
-5311
3558
-4912
162
