120
412
656
-268
-349
222
-1135
-269
548
-404
-211
443
1101
-933
459
-511
-24
992
799
1096
837
-402
96
1064
-570
458
-335
-57
-878
-209
980
-802
139
-370
513
416
435
-493
-683
1144
-1033
-810
427
462
-1163
288
-1197
-240
-703
299
463
-1014
379
1095
-27
161
-451
-1008
-1086
-758
-637
-883
888
660
-1094
433
1198
-658
167
420
-561
961
440
-1129
137
1030
-711
-549
374
409
838
-571
249
1194
-914
-801
-1013
-812
236
-616
-65
718
901
959
1154
297
-28
-243
1125
130
-671
-1167
679
444
70
397
-926
-346
-896
722
370
40
-247
276
-673
-474
-1150
365
1146
-961
314
