800
1386
6097
-6190
-1211
900
-5502
3629
5708
3431
-4005
-32
901
6271
3742
-6990
-3223
-1933
-3022
1682
6282
-1049
-5597
2485
890
6298
6587
-7260
-3431
-1907
2504
-873
5882
-1282
-5175
-6
648
1546
-2680
-388
2383
-7362
-4226
-2143
-764
-7172
-186
1117
5146
950
4424
-164
-379
4490
6116
-5284
213
-4953
587
-6357
-2362
-270
-87
3882
-4876
7881
502
5654
-5271
-3019
-1270
7459
6538
-1665
-6004
4497
3642
1622
7815
-7831
3527
-6653
-1028
5897
-4288
1781
-6277
3362
-7198
-3031
-2804
-6391
7046
7835
184
5774
358
-1142
-7125
885
-6912
-5758
4401
-6166
-7820
-7789
-4919
1994
-5741
2844
6280
-789
2713
-3503
6459
3652
-1722
5233
1681
6051
-7614
5352
-99
-671
5044
-7345
2944
-4943
-5048
6558
2680
-7130
-1345
-7677
-1886
376
3329
5086
-3527
3907
6455
-6499
1916
252
5799
-323
6268
1517
6898
-5087
-3701
494
6118
1257
-6412
2890
-1928
-4482
5401
-2064
-1573
-4492
7042
298
-2950
-9
-6566
4578
372
-3093
3684
-4215
5216
-2107
-139
-1212
1393
-2188
3859
-7276
-4146
-3748
-2356
-218
-3390
-7976
5417
4874
-7206
786
-6576
7210
-609
-3340
4593
5828
-6599
7616
-3626
-112
2784
3746
4916
4532
4604
-2250
4200
2018
5280
-6064
6860
7833
-6253
-5736
1518
-831
443
7283
5183
-962
-6933
-861
-5606
-2534
-6131
-4902
6678
2495
-6902
-2738
-3356
5915
-4825
5093
-1804
1627
1030
-6842
-1466
-4503
-3902
-2502
-6875
2734
5875
-2151
-7385
1600
-896
4132
4768
7192
-2521
5353
-4797
-926
-5321
-1557
6497
-3429
464
-6174
3699
-1429
-5548
276
7399
6085
4944
-3792
-5535
-316
-5890
-2708
6619
1987
3624
6327
-4003
7209
995
6772
6462
4752
6156
-5620
-4549
-5057
-4183
4998
-7293
2739
-4650
-1646
-4615
7896
4449
-3309
6347
-7467
2767
1649
2136
-5154
693
-1908
-3212
7324
7700
4691
-5038
-3234
-1692
7991
-1614
6537
-4147
2687
-1161
5192
4221
-4531
-5889
-7133
5598
-7170
-4948
-3015
5886
1943
7761
-7533
-5958
-1630
-491
5418
-6869
4724
-7723
-5982
5930
2897
-4285
3152
5144
-699
-2621
4433
7204
-6073
3514
3260
-4622
2676
4491
5990
-7947
-7787
6821
2508
425
4348
-3256
-5647
6183
-2779
-2887
-5450
-2845
-5911
4384
-5761
-1248
5832
-4282
-3299
3520
-202
-5787
5859
5588
-1756
5245
-4025
-6600
3964
6706
-3494
1125
1631
7339
-4842
2622
4398
4277
909
-5550
4026
-5676
-6481
-7323
-4519
-918
-2661
-4775
3973
-5600
1722
-6226
-1419
288
-7765
-1101
-1336
6155
1462
7063
-7697
1205
3971
-3838
-1194
5484
-5063
-5419
7859
-4481
6428
-1795
-2550
5865
-5463
3358
-925
2749
-7771
5137
5812
3477
2926
-3726
-787
-832
6299
-5533
1135
-7126
6547
4043
4301
5536
-23
6683
7751
7489
7389
1614
1685
-1578
-7492
-7722
-5748
6717
2971
5767
871
-1236
5618
5687
-6704
-3257
-1780
-7369
-254
2895
-299
-7922
6674
-3789
5757
-7876
4987
2796
-6522
2530
-5343
5336
-6719
3604
1686
751
2769
-3735
6144
-654
4485
7427
-53
3225
-4413
-3618
1711
-6362
-7477
-7187
7845
-3068
5926
-1242
-4434
9
3274
-7119
42
-2285
-5607
3049
-1365
-6463
6213
-5976
6092
2752
6304
-2276
-7192
2913
6436
-6517
-7106
-1393
-1333
-4426
7886
-508
486
7140
-5101
-5868
1642
-6467
3364
-434
-4367
-7910
-5805
-6054
7219
1123
-6184
4873
-7816
6576
5959
-5752
-5247
3993
6521
-6197
2448
-7844
-1207
-1798
412
-2823
-7748
-4462
3594
-341
3263
3341
-5790
2183
-1342
-3097
4733
-6192
7811
-7711
4194
-826
2220
-3700
-121
6231
-5059
57
4052
-3964
-5603
-3980
-3595
-700
-1772
-5145
783
1294
-5065
-3665
-6371
-1273
6009
-1987
2777
5797
-3881
1231
-2686
-7580
-6137
-1020
-3321
-7021
2288
4344
3413
-2011
4868
-6677
-5785
6877
-724
-6211
-1051
-3349
5593
-3529
1913
-4191
-4148
5896
-7619
947
3252
-7694
-940
6375
331
-4954
-6856
-233
4115
-851
5938
4334
-1826
-6678
1671
-1950
7047
-7766
611
5632
5204
-3227
-6672
3180
-7456
395
5128
7857
-2126
1603
-3399
1072
-7008
5754
-4457
5015
493
2584
-5664
-3501
-5036
-5022
-4042
-2910
5762
1360
-7147
-5210
-7582
7518
1240
-4838
-3805
-5531
6330
5194
-1923
-7310
-4628
4125
5852
3635
4214
4357
7067
830
589
3619
4602
4538
-6067
-1910
5031
6337
-2808
6614
5046
-1882
-4885
-3334
4078
-4001
5616
794
5333
-2854
7624
7381
-2607
1966
4059
862
-2440
-7426
-5478
-4886
-416
-2639
5648
1053
-3017
3607
-6107
-124
-4802
3908
-1985
7225
737
6848
1731
3546
7642
2022
-6725
5551
-5697
-3774
-82
-5240
3829
-1417
-2857
5544
-1223
-7255
-3811
-4229
-5336
-6553
1061
5240
-7954
-5113
2268
-2760
-1156
-6828
-4323
41
-2828
-7258
3186
-2766
6413
-3025
5432
-7393
-6843
6186
5027
-183
-1619
594
1411
6579
3246
-6504
-7115
6125
4510
-776
-6091
-5934
6353
7041
-4584
1908
