10000
-23989
-24599
84901
-62939
-6503
34047
-788
-1622
9668
-83408
-84846
-16529
-17932
32071
-81337
-46332
-88030
38018
13230
-95253
-72183
17802
-58546
-59147
19879
-66093
-15337
42118
-44858
93489
49255
64035
30235
-97931
-46415
-70071
87561
-84641
67888
-12384
-66693
76187
-74722
12707
34360
-23063
1809
65299
-74750
-96905
-12717
67474
5600
-84775
26875
76679
92935
-61481
-70701
-59403
58825
-1747
48755
-89268
-94586
-7916
54022
63263
51087
-2336
-85083
60925
-67879
11788
-76194
16949
-5320
22284
-85529
71923
-60571
-17096
-70506
75537
28661
-72306
-2433
35771
-6720
10738
-34923
29018
-23015
8080
38755
40962
-24539
-97476
-82527
13826
-62392
-56643
-72537
-8743
43675
37620
37089
-72154
20958
-21165
45710
63638
-39562
11426
-99195
70488
45167
76870
76105
-8730
60499
71079
-53991
17103
-15285
5923
-59103
-74936
76684
15024
-89274
-73924
43613
79871
53649
40130
-66613
69784
38682
-35459
-27301
81940
-67043
-14071
-61022
-38483
52681
-97207
-2707
35559
76655
49547
32012
-38395
61039
-58678
-52568
-99277
-2580
-58401
-82448
86557
-83260
-97099
-79382
3875
-26771
-98636
32795
-1069
-45258
65882
23837
-9016
84
53964
59056
99926
-1760
-49607
33534
35844
-69048
2093
61589
32572
-37788
-69940
26147
-77621
-81714
-17383
28009
93879
26528
54452
8915
-20547
94995
-98876
22709
-8735
45919
24332
14213
-78993
-72384
-66325
-9128
53650
84524
-38636
73675
-67038
-88705
-63184
-66599
18587
-57589
-23953
96004
-59634
-61512
70131
7054
-36764
-33438
-5968
-3556
-55445
24023
62947
54108
3723
52867
92632
-76681
-37524
81457
27541
-68669
-28813
-58339
-29202
66543
-88754
47553
-24051
41760
53576
48302
19484
45629
-71003
-20184
95137
-93325
-99097
-91550
-22858
58966
24965
54379
12047
94939
-63061
-52282
19124
45052
53736
-93052
-68208
-73607
18084
51581
-20057
-46212
-68567
-47441
-32954
88685
4395
57723
78087
-63302
-61123
-46703
52068
78498
74438
-21465
-39431
-56804
-16081
36837
-36687
14660
76798
-85659
26692
-72682
-37057
-14847
50647
-9099
54703
-20176
13143
32870
-81180
-22924
-30608
-61408
-3154
67922
86751
-84716
61574
-20069
-12847
62956
-40683
-92886
74021
48608
54476
-21788
-73121
-47596
77500
56435
-22202
89485
19047
-47215
-43030
13945
95208
-91712
3299
-12302
95361
-71431
-10344
-40763
61313
-12067
-12527
-63079
49451
22383
-28461
38973
20982
-64326
8405
88105
64206
-95915
61669
34438
-331
-92470
41170
-30543
90095
27418
-14595
-32534
15670
86623
39006
-87003
-72317
15528
90369
-94220
-64503
51570
33995
-66905
-60668
-99881
-66559
-47501
-56887
62440
35302
-82752
-31566
87115
-82285
-72254
-44390
62513
-42820
-93488
63935
62237
-28174
4875
23802
-79652
-42348
-22095
-89288
1598
-55462
-61141
-76211
71955
40620
-7197
-4936
-42646
-52345
84426
-32984
2237
82775
-77529
27179
13955
59126
44801
74543
-57759
78241
5188
19583
-34796
-13335
67066
-88449
34897
-93071
43181
-64596
70467
-18820
71314
-83225
-93097
56619
55602
55164
-35002
73922
-24415
-45221
67001
-12457
90361
47220
-39510
38031
-83930
44449
60541
7623
-84821
-82465
89495
32405
79637
43576
94686
78614
-9096
-75987
-78364
-73690
-79642
64819
-96365
35866
55701
70604
99572
16427
56225
94419
33612
-73319
10231
-20869
88686
16055
-80717
66392
99686
6056
-67018
-96860
-6131
93051
-87877
-79423
42196
48038
-51359
42744
-42737
70395
-29697
43738
84200
94416
-86137
37668
-25598
56178
-52954
-50272
19931
37222
48029
99128
-69601
3847
-25726
39425
94901
-11845
78745
93503
-89590
69908
-63052
56970
-77793
42848
-76871
31719
-19749
-14581
74570
54057
19687
-83502
-76094
86887
51674
84702
88254
17752
86519
64122
-77471
-26571
-46405
27437
10213
-91275
-73459
46245
92523
-40788
-33432
21447
28581
-14156
-56117
-58985
60507
-62821
-39620
42187
-8605
-93843
66914
-88631
-26443
76676
8789
-65729
80684
-75564
46080
-22823
-25858
-39619
96709
80982
22301
82849
24989
-75049
66252
-75731
-8540
-56798
94966
-72880
2173
-14799
-203
-4121
6431
-56662
74950
-19576
-53696
-69872
-60090
-29154
-48621
-41684
-82734
93152
24312
98286
96638
-84212
-47835
6712
-42464
57617
92553
57028
22132
32946
-88881
-11873
-57858
68834
47085
83069
33003
-30918
3260
-93842
42401
50340
89828
13609
78884
94974
9960
-70118
99781
-80034
13580
16118
-7052
-25572
-7759
58247
66145
7949
59511
5764
-86670
32813
-67603
-35511
64480
-58469
83333
17675
22717
-24427
85790
39534
-10527
45844
-41016
12052
24765
62764
-27936
-38585
-11432
-589
4642
-26011
69241
53857
-59680
-81681
-10327
10799
-37603
-6341
-57893
7364
19659
-24039
-30013
15866
-29263
18180
36790
13060
58040
13484
4895
81488
-14343
25081
-51478
2863
-91204
-73067
93142
87036
28360
8821
-97328
-24332
-46091
-61320
-90600
-28207
8700
-33088
-48747
94864
-13674
40837
-42753
-73812
36970
-22274
-46317
81141
-30695
-9467
31336
-65138
10776
-65666
-99445
-19420
24319
-19742
9161
-45047
83614
6439
-87993
4838
56801
44488
-96741
-5727
-56722
28726
-99951
72721
-60028
12525
1125
77998
94594
73548
75523
17617
72360
-58217
-2595
-28929
32233
-49595
-65305
-11607
-17986
-40728
18400
47160
-96536
50240
-71728
-16313
-83685
-28161
93577
84060
-78919
-4797
-43190
13012
7490
-76918
-43337
51485
-97973
-7630
-93015
85410
-24672
19581
21626
6456
-26321
-19527
-45565
-34466
98980
-62170
15443
37786
-70521
-96005
76413
4589
-57556
14388
96736
21261
-649
-30587
78195
-97800
95427
-73722
-93742
13277
34849
-81559
-7401
17912
97292
-72224
-75901
-55049
-87707
-56614
25028
4445
-37822
75474
94800
29492
-61236
-3518
-61540
51951
85850
89461
21584
19534
66314
-7044
23339
54400
-50524
25120
23954
-55817
24042
79408
27914
-68003
-86611
72526
-5887
56427
85492
-45453
-19976
-46551
-14382
-73217
82080
45841
40390
96637
-33009
-33188
71671
42768
46573
68098
32725
68580
13763
61482
-51854
2188
96165
78616
6603
83268
5861
-52842
-87152
-5460
-82000
-14713
-41816
-50102
87421
-33618
593
64088
-44009
54962
62967
77648
40853
19411
-59592
-58842
-70889
-62904
-32490
-7088
-18151
-47061
84029
-87687
60403
62353
46514
11603
-73741
-49733
-44122
-67716
69229
21944
39435
-61554
22930
-19962
-43428
-17103
-22245
3764
-43403
-51172
31591
-70083
49985
-38095
-11495
-22337
-83164
-16707
-79746
-69103
13630
-90522
25353
-95264
-48395
1425
97354
68668
68962
44133
96019
-4434
83278
-47920
93733
85970
87131
88581
-85702
83358
-55042
44998
97492
10309
-10859
-10424
30859
85271
1382
74355
-42937
-79022
-52649
-91723
-30424
-83663
-84304
1625
-74868
-99078
85688
63867
70861
46849
91552
51840
57988
95991
77047
-79595
-19764
50607
-55756
9344
-67575
35550
-68621
-75276
-29074
-80791
11862
61097
-57762
37074
-55061
93937
-95281
93009
-94964
31938
-56458
-42560
45767
17625
-25036
9254
49364
92364
-10687
21369
-69484
-70720
27266
-4899
88931
80992
-88632
11330
71315
-93930
-97034
-61489
27035
-59478
61332
4882
-86191
-58248
-59050
-55139
67959
-96532
10968
-54283
32237
41468
-31782
1081
14493
21257
-40380
-53741
41105
89124
56218
25208
97890
-99044
-57489
67282
-19970
20453
63230
165
-46614
88844
85100
75643
-76735
-63927
74648
64812
-97833
-1031
-70030
36848
-6895
-44988
40540
71109
-45024
59927
97146
3895
-3402
31106
56339
27674
7194
58224
94102
-42727
42754
12366
48736
-60693
-12372
41848
-32943
51188
70245
78403
-73456
72208
10632
-70508
40446
41172
60828
16911
1260
459
74105
-17503
-22456
-82586
-94198
23739
-50675
36208
78859
91657
-56842
27198
-36067
98568
-82646
-19408
-43192
38085
-90321
97016
67947
-34941
29004
51817
75910
32339
-45727
32603
-64978
-33412
-53493
-96062
31542
8573
71423
36403
33385
83213
-6462
5833
-80878
-72225
55225
18149
73432
77095
-26515
65935
97956
-66862
-65378
92230
-55211
-76454
6041
-70809
73354
-53659
-23158
-47465
-32242
-98192
-63175
-97676
68087
-39391
53476
22900
-5097
-5126
70369
49741
35042
-38887
49234
66789
-1395
-64509
-6899
-94332
36338
-83602
46354
-85463
1328
-4158
69787
-69572
-95823
85898
-5172
97830
-93171
-35024
-87223
-54732
10008
71878
49761
5899
66525
-46701
-69430
31953
68758
56222
11728
-29590
-85741
88215
88679
-28986
-2626
-37617
-5078
-16376
-43148
37324
-91929
95466
-16124
57996
45423
-91951
8166
-78469
-23812
-99164
-83975
-79672
-79139
-16106
2484
71311
26623
-18441
-27741
-42030
-41115
-60241
-61379
-94854
90179
34322
-81339
-60075
59272
-28011
-57735
7878
23758
50673
15225
-4173
14219
-80834
-74459
32562
-74644
31613
-61030
73914
-52666
88952
77498
67407
12024
-65557
-59239
1828
66266
34619
64712
60252
-99429
-14239
-26262
-5019
-89552
98300
39916
19156
87585
99520
-6796
-2201
-4338
89748
68875
-97437
-1856
20560
-47439
61080
-54061
-30430
-17233
-20
47
68253
-9402
-99689
-68571
34973
90445
88734
-29599
-28187
-94395
68295
-23588
51463
39879
-87448
-13587
-47720
-76729
-96747
23747
-6531
69779
-23913
34398
-13343
1044
-90440
49516
-65412
76914
89437
-38497
-73560
43796
-48124
-34807
1779
-47591
75818
62854
-87796
47606
-59523
-62892
-15954
2835
45618
74044
60840
-83472
-71122
8403
-29063
30475
96667
45506
-30494
-44910
81751
-20957
57250
43859
-8108
57858
93594
-77733
77745
70772
36221
20525
-99537
10312
72492
71418
81395
97023
-72849
76842
-6092
43737
-26908
22817
-58735
-53702
74171
-55160
-3005
-10046
-17382
-94757
-60204
10459
75625
-49617
-60651
-26709
5459
-32159
93156
-17293
-16132
-51421
17704
-69005
7349
46307
-46709
39632
-20681
-91394
-35777
-81707
-98283
-5062
1533
-42596
-27252
14554
7989
-2710
-36025
26773
77595
36949
-39429
-90598
81719
-27897
42736
-26649
35529
91085
27968
-76913
57796
90213
-95110
-6635
9247
-69881
7729
-63387
54628
-47346
-78699
88443
-87117
32975
59536
99625
91412
-95878
-69575
36470
17512
-79435
96255
-89850
-25427
-15128
97920
21097
-26739
64745
528
-71143
2780
-5063
31127
36565
47525
58639
96767
-17646
-88503
18338
61327
33698
-41942
-24684
-42857
98410
-64736
-32949
-36746
10820
41845
25542
-44252
-5315
-79825
29855
89734
13565
16000
-66942
22339
-95036
-2132
-46581
-58648
-87027
-66758
12434
92196
87832
-9617
59172
48876
-74573
21577
-22085
-40868
87168
-53487
32392
-69019
-52320
-43180
38907
15420
-37709
-947
-61721
-78530
-34920
-44104
17055
57023
-33446
-41526
50530
-981
-81177
-88101
-89329
90450
-71772
78558
-66197
59041
67083
-56728
-60916
10283
45061
-86276
-25038
-51739
-46320
15207
95654
-79630
30828
24169
95299
-47585
-52745
-42395
-68269
-65110
97550
94681
-80896
60965
72743
-44927
4665
99231
-76328
44672
-47978
64225
88197
51869
-24615
-81496
-69553
42849
7285
76704
-52017
58960
-9530
-3976
41997
-2115
-97661
-62470
97214
1524
-35765
12106
-96037
-21528
-36944
9810
-56006
-89945
50177
33463
79320
1156
-23973
-95443
-57197
-95277
83465
16170
74842
11294
-96102
86213
27692
68211
-65175
-61448
62712
-64479
-74343
27546
61474
31215
-61922
27804
79378
17176
66987
98217
-71453
79952
-97709
41827
-3057
20568
-91308
83424
-92846
18837
-10970
-67742
14189
-68032
27044
-92014
89082
-70135
94075
-78180
93931
81211
-17959
-93791
-34518
86594
91984
44134
76658
53616
79766
24621
12386
-2403
-89597
-84586
58364
-91239
-32713
-97862
-17884
-57115
80264
-59769
44399
-24410
79399
-46815
-8517
63457
34656
77933
8769
-70274
45911
84092
-89184
853
76848
-97236
22277
8386
63063
-20040
57361
-54411
-24217
-61583
61982
46269
-68776
-14803
-8034
-66752
3079
-16273
67442
-31690
-21979
-64
9892
35576
66179
66279
9180
96611
99168
65223
57081
-38844
-19459
-91501
-1581
-87294
61993
-56077
2937
-69726
79859
-89378
-59166
-60285
-50680
-64979
-83993
-13062
-15388
-90081
26480
-69599
-97856
-38726
34673
-69874
76328
48058
-26205
9244
-1170
37213
2873
-15526
55290
-41585
11251
2802
52013
18306
-96433
-79743
35775
-64409
-2610
83974
-57761
-95479
-13257
-72219
-58984
-30079
-35603
-58370
-60149
-37288
-31549
-29732
-2513
-38366
86470
-72235
71178
-38302
-79105
80616
97260
97987
77649
-15158
12262
52195
66505
29278
57620
-77086
-23614
-70057
92794
-23178
71742
-4376
-48193
99939
-90675
-92755
-56901
-77295
-53327
32691
39847
30545
69060
-86150
34536
21774
-53422
53178
26654
-32279
-93372
-74424
-73493
375
73150
69957
-59220
3367
10401
89469
74332
-45343
-69633
21235
30908
28528
-58503
26554
96873
35126
-89779
-53251
-11653
-58944
54533
-57254
-86738
-19708
-88830
96266
90036
14026
21812
-39992
-76008
-74962
9858
62525
9808
38783
39000
44101
-26694
-68923
-21689
73752
46543
-47892
89445
-65599
-63854
57525
-56898
-78299
-66585
-6357
-83426
98060
-62678
39581
62388
-97888
-74242
-23438
16646
-38807
3101
-72836
-52438
-57598
-75891
-12324
-54577
3057
4757
63287
56208
49018
-24512
78805
33162
-504
19576
84294
-13443
74965
39459
-97381
-60065
-35079
90035
57825
85650
-78416
30043
67829
42227
-40573
34076
11897
24399
-46907
38486
-5642
-88595
63235
-92373
-58293
-84950
-58120
-93775
-1058
67534
75919
-81825
25979
-21587
-74017
24434
98950
74910
-43149
5702
81973
-41345
-74634
48986
-62430
-62942
7435
65873
-34995
-82655
42510
-52393
-71951
9331
-9238
98756
37229
-82330
-71905
44447
-79396
31849
2336
38345
72865
42319
-1168
9133
86747
72436
-15431
-98214
-14477
36391
62403
-87967
25417
60318
-73878
-84110
-49012
-60108
-40303
61284
26144
-37460
72704
4194
-32525
-89496
-15815
55371
-21865
-14907
-81033
13332
-34279
-8819
-74590
-62798
6552
-16644
-56920
47447
52619
15913
-50751
13695
32606
1219
9651
-73329
4472
-88126
-30760
94329
20359
50287
-2419
44838
-32288
51235
24817
50067
26656
30577
70316
87454
68298
-36021
-37078
28759
-87492
41656
-39430
-25834
37940
-16318
-52285
92080
-87321
-47549
-39035
89035
-93860
-95561
2657
-19363
-61219
47089
63751
-4073
17741
9705
36367
-96852
78216
39110
-99101
-55450
-96320
-67016
42783
56062
-97614
-16984
53174
2685
-16427
-10022
-36776
-92900
42005
-48461
-43164
-51745
-95670
-21141
-53527
-68149
6203
56990
22012
33094
-19779
-99808
-83681
-67141
32029
49092
-7620
-19869
-86192
74998
30630
-59677
49380
-52938
-78763
33093
-4157
-81519
84155
-88416
-24024
-58595
-11326
-86342
-21
92938
-84908
-26053
92992
40633
-8264
58583
-6776
-31713
10346
25720
52294
-21094
-94523
-98675
-59684
-59871
-2393
-55829
-89750
10355
-40152
-46190
96037
-57688
97816
73992
8089
-97708
-47300
25632
-67891
-8654
69636
86741
-17708
97012
70588
-44636
-47
-8715
-9798
80880
32831
30229
-74125
28879
79032
-92848
34008
-78610
-90629
30894
-51590
-91984
-82481
99796
52988
46682
11134
81908
-49212
-51070
31441
93425
81815
-76734
66379
-64336
32845
86661
-66667
-47326
-56235
31278
-60558
70526
-91436
-33883
-2830
64101
-83801
76665
89751
-40441
59238
-92008
-67462
28505
-32700
14053
-55973
-84094
53016
61859
-96001
820
92601
-18837
-5969
18402
-89938
-320
12778
31067
-60573
39755
-14662
-59177
-19491
52546
-51668
59390
27168
44277
-30821
67208
15939
53713
76865
33953
-60959
-76605
25031
-47006
6673
35151
-52595
29901
46398
54176
-47564
-10536
26679
-8862
29177
8938
-67033
94705
26729
63369
57128
41528
-22442
-88353
-67387
-80692
-33715
-53237
56239
-34657
89001
-92505
-16464
66907
11304
34941
-94588
-29497
-1105
23338
94895
-17795
83968
-13494
-18584
3287
9139
-21991
-33094
68936
8202
33970
74263
-98761
-62474
-16739
10774
-8536
85055
85740
39586
-50173
-85398
44977
80461
-74286
97713
-73703
95240
44455
-55278
-18751
-97563
-38044
-70998
59306
40367
-11028
-52532
64914
77521
20439
-52590
47049
-41210
49933
-62357
-74413
-18551
55307
-42506
-48076
15512
-43454
24360
12953
52191
74227
-13851
51108
62866
16098
-87839
37026
-16143
-92060
-59025
-16617
-31643
14552
17166
54768
-63105
46276
63894
55572
-56669
-53510
-41197
-97911
-37540
-11844
-20855
11125
-17290
-55347
33928
26328
-3065
44394
-80807
47275
-43001
93793
-56943
56687
28068
68748
45992
73840
-8523
8971
-73938
97163
47343
-66427
63236
48784
28302
-5698
46259
-99359
54515
-94488
25206
64113
61202
13924
-73779
49667
90660
61250
47322
621
-75386
-83550
-50202
30100
46143
48210
-5836
83963
-2559
58824
-77220
-31700
77427
-86301
-71823
52857
-66085
-97519
73107
750
4429
26905
-39853
50089
-32995
-66114
-12428
-87510
91432
25255
-57343
-51629
17408
-45531
37898
-9503
73174
-16608
21942
76428
20344
81533
-79341
-80440
74464
14670
-91759
-8344
39569
-1602
-14123
-39721
42708
-46141
-14745
3765
-91233
-77432
-35229
44943
82086
-10722
-59650
68397
-90065
-74765
90609
55686
99420
99984
-23229
-9813
71845
95732
32580
-13691
40992
20195
-34987
-81237
75587
26698
45421
29907
97524
89089
-35442
-14526
56838
-12099
52359
60136
56854
-20239
22519
-32460
45232
61921
-42100
-20778
-90702
28576
-36133
42597
-71129
-38769
-89950
99816
-78441
-18750
-48675
6543
55161
86401
-73529
-24589
-56991
-13829
74023
59705
78204
-88807
-12218
23062
31126
-83958
96629
-89546
-14277
-82875
30470
95348
633
-68513
77955
52185
-28114
-41583
68777
-21309
-13204
-33164
-2666
-29253
73286
66916
-56511
29563
16094
48005
96725
-18989
66549
-20482
68216
-20441
28531
-55386
54357
19378
52688
-47893
61520
-1911
10337
38652
-97078
-90225
1600
60573
62443
-27661
46475
42496
68708
45335
82739
37333
-2269
70784
25492
1160
7272
37695
67016
-31748
30307
6229
-47339
-48624
9280
-85796
66611
48366
-70457
-8821
-5782
-74793
54102
63185
-53573
-65269
-48723
-99913
-1926
92788
76115
21984
32510
-36550
56472
-66244
54468
39783
97640
-23941
-59293
13497
19111
-68564
9405
60820
78002
36504
-75574
-56213
-18190
74515
-16734
3240
-35319
10813
-65564
35272
-42791
-67134
2984
15233
-75806
42716
-35687
95000
84253
-70679
-78567
33701
-71010
-67749
11963
46155
-13170
-47695
26040
81504
-21422
-96265
14303
-79856
19899
-85510
-78799
-69646
-32851
74195
-40106
60742
11861
99845
-25
52660
-7935
-68520
-18538
-7841
-23210
46187
18812
-63320
-11912
58618
18670
-2131
-98839
98526
-46463
29304
-16908
-33409
7828
-50023
58161
-99877
-77197
-85943
74551
-94622
41622
80167
-12456
-33
4071
-34783
-48810
82325
-45278
47688
32400
28682
89343
-49525
21935
-11338
-91131
4755
96108
-30734
82146
87732
-70744
-86541
57984
-8924
2518
-24347
-45691
-52985
-32841
45652
12986
68719
-36572
58453
-50345
-10263
8757
-62665
55556
-40708
-80317
-13279
-1674
68975
-89273
-74476
-46952
-39994
67244
49361
29291
-76388
38886
-96775
-76533
-2751
-20591
-95140
-28252
-81441
51165
65094
69727
18308
-66745
-24022
-28428
3659
23086
91431
-28031
88623
30241
48598
47916
99500
-95977
-46710
-43048
-26990
51333
-40035
-12373
21127
14588
83026
-54703
-97133
-98805
-93297
56982
19604
-15649
87888
89896
-36037
18708
-1739
89590
-12212
-83262
-88989
1052
6163
85206
52208
86001
-76656
-79432
-820
-2906
80060
33656
-51595
-96267
85861
-76510
-63730
8481
-99242
-18489
-46568
14593
59745
83688
23446
43640
-92468
90403
-56228
-72056
98525
84279
78261
71736
36916
60181
26724
-94837
26504
-56522
-32502
-35538
-4604
-16349
-58418
61554
-72249
32168
-49403
-48247
-56661
-60780
33879
44279
-64844
87030
-90201
13270
-11423
-71630
12802
98805
16882
93308
21353
53598
-70419
33724
-3223
-27037
4212
53223
49701
8227
84607
48958
92912
64590
-10756
18945
50823
8461
24574
-41529
-55575
3803
-42869
33582
-89773
76231
98730
-92694
1338
-21696
-60025
-49823
-18714
20950
-64854
67402
-79318
-46991
29241
-364
167
-19129
-28278
-5911
76910
-76367
-27801
-95169
27882
-81452
-756
-16007
-39839
-98806
84444
59093
45413
38114
30284
87905
11054
-68547
-28636
-69080
-83775
-43580
-7
-21351
-93085
-70886
-57919
76160
81740
-31253
56078
-32299
-50475
88143
53762
-11731
70606
58463
-32384
-40405
49448
-97827
36448
93559
-89309
48092
1540
60586
-58939
-27530
24723
-57685
14940
40905
-66797
10761
-95358
-84829
13771
-74569
-52788
-94134
62211
60378
-10783
-96117
64009
-18836
68526
-58918
-3253
-62027
35494
76463
92812
13472
9283
-49340
-5489
-87889
85909
41048
56535
81462
-35773
26477
-95620
-18131
-2806
42251
34811
-46760
5400
-81549
-12781
54433
56363
-369
79686
29533
-54783
52400
70343
-75350
8070
-86835
85440
39374
53472
-70872
25795
-99488
37841
-77486
-88308
29149
-80388
-96097
53027
-24468
7580
14107
-619
-31075
-41904
18454
5942
77129
94237
-54210
53407
99949
91344
30271
44652
80945
-78184
-77916
-42752
-76411
-1742
72154
-66228
-7345
25307
-33076
-32731
69435
80908
-37461
76943
-86361
33996
64934
33799
80058
73654
88353
46929
9204
65914
-47239
41918
81746
-16338
-42090
87195
-48632
-81260
55900
82843
-39634
68662
-31896
81920
42189
24233
-19373
-36912
46945
-91472
8773
-44618
-34544
-80539
12965
-3040
-53417
43958
37547
-91518
-70007
71041
-95481
44598
-91601
-75090
77864
-69128
-52283
-86148
-90395
-43634
96603
51300
45128
-4783
14847
-75882
56263
41075
1863
37154
79340
-31664
19424
-19639
-84025
90354
88081
-15055
82167
-34817
87541
60010
14991
86842
-77609
-39355
309
39843
10224
37675
-52692
72516
66327
-13252
44171
26362
-3813
92309
-39492
-57224
56935
-22822
50132
65287
19453
43932
93162
-31455
95438
-41485
-10537
61356
-31525
93334
-18656
42405
-24783
-87781
-46781
48718
-52878
21775
13272
59884
-32893
33029
-12439
78190
61619
-33421
-32758
12050
-44946
30777
-73350
15609
50324
1316
-63424
-61718
56751
64444
34537
26051
-81131
-87500
-88061
-11048
84140
-24572
65547
88407
-54864
-3716
32144
-91504
92487
-89391
-50416
61191
-38630
59235
-60213
-69793
-35385
-25693
79157
9824
88678
59243
54230
13463
95872
-85019
20311
-31533
-21751
41938
-19684
73334
47458
-61844
-65120
28878
-34922
268
33359
46440
-68731
-56442
31668
-4114
-98459
-90433
13025
-1464
-89906
-47081
99583
-74389
-26917
48893
80601
-31679
26798
-14436
-36343
14393
43027
-61003
-78995
1053
-25917
45165
-22883
94334
-37541
-99207
11443
52623
25516
-57452
-97421
87193
-47160
23424
82189
24538
-40321
94540
2999
-51564
-80647
-5707
3366
-69808
-43205
65445
6523
27856
94333
48396
95293
33284
-8655
-85431
-85812
48877
87779
12535
-50827
69653
65937
54425
-16634
61575
99663
-13058
51153
4151
96689
-65550
-83598
-17607
-48902
-94077
24753
51442
13531
-55597
58336
-7338
-51450
473
-70864
-45426
13374
-39828
74140
-65439
23555
80113
-13799
-8634
30134
-40881
-29869
99855
5380
79348
-28284
36985
-25824
-61354
58164
-13332
-71422
-92311
-79865
-6107
-13049
-27453
-10181
73244
-82654
51282
-54175
62701
-94273
16256
39480
22410
5561
-90766
28265
57894
-56325
420
52032
51468
-89362
-67405
-85906
61821
-23915
61276
77647
-27441
1174
-80324
73126
-25257
-24394
55354
50608
-50935
-13524
96632
-40153
-77074
18416
-51846
-82113
25373
-60892
-83953
-42866
69580
-58680
84542
60271
-64017
38846
78371
-34179
69440
37901
-9705
-44985
-6209
-49073
22250
-20906
51973
-9615
-15186
250
68346
-54407
-60141
-87182
-94739
32469
35021
-42274
-73586
-41268
48488
-38800
-48289
4009
-76766
-87292
-21665
75977
38596
-33978
53172
-89087
-4798
-33738
53699
-62122
-21249
-23834
98483
-10517
46610
73877
36645
87904
91009
-84397
-79543
92955
-40753
-37852
-98721
83869
-54188
-79995
-17039
-81799
63482
-76917
24494
85782
98624
-81976
2226
-69775
4380
43639
63538
-47140
45496
56232
-88231
-74554
-23207
-47523
-63233
47001
-61403
-27151
-17294
43822
-17866
45794
3175
-28894
-71793
-17901
-85289
84916
-7619
87293
-93398
76416
-97409
78543
53130
54444
71350
21092
-63264
68823
7139
61126
-64843
89673
-7788
-98227
-19439
-20124
-41811
-80075
78628
-1649
2049
-99476
60703
-66812
59644
-10651
-82234
-19394
53536
-48218
-42433
-59754
39774
75952
-82208
-43285
62752
61051
15148
-29101
87761
-72372
41640
38549
-93192
5802
-81751
-29930
-40429
-9717
39922
-27982
37456
-18559
-25476
83131
-35842
44834
12053
-57647
-65072
-50002
10234
15766
-29749
-80746
85419
-59796
-60809
44594
93884
-60326
-14422
53863
-8266
-27209
-33030
-69824
-20632
-95418
-35727
-18740
-28948
84147
-1977
38722
64559
-35736
-51541
-35645
2981
88976
-68987
-98932
37860
58613
68625
-80906
56370
-52629
9300
45471
34074
-38997
-92102
71075
-18263
20960
-42663
-51162
69375
-64882
-36242
72791
-95826
-72022
27548
1843
23704
-82154
6348
71346
-75176
50794
-11141
60595
40928
-36045
36861
-28605
-84745
31065
-61936
-17764
-31236
83392
81624
39854
-35394
97483
-78056
17669
-82008
-20331
82179
47598
-62778
-20004
-45301
-25549
72709
-3240
69566
83851
-76943
73362
-79454
42592
27585
-77392
26991
95410
-38120
4476
-89659
48890
99332
-74598
36649
20009
1089
-39361
8365
20872
-63694
98801
2185
-97365
25021
79872
64931
28063
-86126
-95791
83809
31952
21968
52205
-76135
-76475
-70931
98594
-46148
-44355
-58014
-1571
-31886
-86152
-35901
-26372
53282
-48209
-42925
-93691
-3020
-61885
-67294
-34746
-84955
-5437
-77625
94809
-73471
18631
86123
21768
-54877
-75467
-37596
20375
26539
77901
40137
60613
-46953
83600
1543
82170
-70650
-7601
7411
-80009
32292
-17703
79168
-4303
-67256
16509
30193
-62741
-42056
6614
52000
-49306
97663
57528
36917
99077
3635
15447
-27474
81965
-25364
-19631
7405
62322
-40883
-29782
68828
20322
81583
-31582
57777
-15276
10336
65016
3860
-19820
-70759
83399
-86313
31886
-61126
65081
14835
76359
3343
-18770
46800
5572
64314
6120
-25529
7391
-21617
87526
75787
-13972
87051
85407
74014
-84742
-88059
-68677
-30865
-50249
-70241
-15666
68054
-92529
53858
18279
65297
-55734
-49531
34183
-54303
46364
-9538
-58946
-88094
2690
-80835
-20418
44186
98311
47268
-26864
40667
75276
3333
56852
-80040
83340
-87951
-67877
75656
21845
67018
-25381
58350
-89054
-95389
-60951
-17084
66213
-40243
-20260
60458
-23042
-90936
-4459
-53877
-66172
-16704
-20075
30635
-46496
-57681
-14794
57769
58714
54498
-58279
4634
19078
-65642
13650
-641
-38424
-59160
75704
66949
3840
43706
-51424
81443
-38517
5808
-50545
-11170
78013
-32553
-8798
8772
27184
85625
38440
-82135
63098
41537
14223
91214
140
-50726
-50074
-57205
-36394
98218
14285
14465
87166
-70077
647
-57136
41540
-83319
36286
-43986
-64650
23059
54805
6224
-90353
13796
-45793
52686
-79761
-88275
39966
19939
-1593
21143
66898
-56347
88903
-70209
28236
-97591
41812
22749
-89132
72328
-77190
-69508
41715
65397
64620
73934
59268
28418
-75990
-86107
2875
-29365
84413
-92398
10164
-65699
6508
-91962
-33911
-89933
88533
65228
4241
-47988
-62552
-26830
16710
-49721
47294
-56446
73655
45504
-33927
-78667
26799
52436
-65205
623
3698
16097
-74655
60530
-21732
86472
-42806
-79490
-59731
-31702
27248
-49419
-52997
19656
-16206
-15967
27320
79712
39709
-25518
99513
95375
13395
-1375
15117
8996
1477
-93213
-517
-37310
-708
-37523
85475
20105
49058
10992
-96105
26101
-9877
-4529
-7551
4928
34742
7468
94777
98125
-16628
-80698
17008
59383
2380
-68689
-33861
-22212
-22099
-29459
5927
-59203
-18364
-36361
65199
-19958
79882
-40784
-26977
25068
11849
43625
-60439
44132
-66883
-4801
47994
-16840
-62214
67537
82039
20387
16622
-16139
7936
-355
-83902
2575
66370
-24016
82511
-47837
67744
-18965
85959
51024
-92581
67307
-22074
6110
54202
-27465
22324
15107
72751
-19022
22377
-88122
-49045
-50756
56964
-80095
13739
-11861
-34910
19451
-60639
-8756
-19770
-78328
26289
-24115
-89825
-51002
-96179
11617
-45496
34529
87975
26409
6804
86351
1062
89525
-39860
-64761
97405
-30650
-9320
98670
-24534
37186
5554
-46799
84925
-80210
-72728
18607
67191
27833
-44859
-95638
34804
-4816
-86660
54134
43693
-72273
60022
-18890
-11718
5774
-15826
-96392
18478
-36573
60068
579
32084
70485
79236
-6126
58873
-18515
94847
-92106
-48893
-12397
-2810
-38003
-35208
56084
74912
-15684
71929
-49273
-18227
40584
-5485
-16306
-40899
-6223
17218
-71454
-64890
65915
38731
-14679
-41817
-40631
68872
56291
8584
91282
38397
73202
-53004
-2257
-3591
30148
-50238
-82650
-76000
-35688
-64922
90937
58568
93256
-43591
88664
60107
-16966
-48792
46285
40327
32515
-50489
-12674
-34730
-50993
89975
-43657
-87656
65210
38285
31685
-1804
88479
88894
90641
-67065
20636
-45490
85504
49534
7715
-83271
-64018
89609
-83578
-88907
84212
72891
-78395
-30398
-93426
78225
68643
-23942
21945
-72818
1476
-67076
-584
-95448
5062
-82257
55189
88596
-98518
51336
-27573
-22805
81539
-34053
-88372
6529
21377
39994
-49438
-77769
-76619
36983
-69286
-56600
-71666
-54013
-47221
-65012
-81926
87340
-15083
13441
-48312
-72245
94136
68759
-90983
-74892
80605
-13168
-76109
-55948
96996
98027
42942
42523
-92872
-85665
-49430
-89038
-41190
82083
-79732
15598
-58619
-6208
45920
78478
6372
-61362
94064
-22619
-74926
-43920
-53550
-80392
-26345
-81649
52044
-81782
-73216
66323
91998
-72098
-93245
-74025
-38741
48504
-60313
-16737
75313
-39347
8841
92376
-26330
-83196
35552
-41762
64396
-42522
-65014
23293
-41119
-92568
-43059
12789
11940
-75562
21654
-85554
-9612
72736
11926
17963
-22440
-13044
19155
24014
91945
57646
8581
30018
-24118
-40455
-29031
92893
-25450
70241
-84456
58494
-38743
-12005
-78756
-47444
-4872
80881
68763
10800
-81702
58264
-32031
1549
-43968
-23473
67876
92722
-71413
57614
31507
60979
23677
97210
-65530
-21168
-68355
-45723
-27581
52767
-65734
85095
1930
-85708
-68226
-53660
17832
98998
58324
71750
-57161
86044
-4585
-8791
-38156
-97272
-66926
-18224
50547
-7475
35100
14536
-91176
-32405
86755
9916
52423
-38480
-46031
39368
-448
41459
-4478
70305
5658
45738
49669
-36644
41466
28162
89356
-4773
52982
43412
-64849
-81991
14298
11296
65275
44671
84893
62938
46133
-45631
56476
35016
-16594
90816
-15122
-80283
44596
-33255
-68089
-91642
27933
98001
-75641
-19336
62267
6341
18227
70328
33527
33973
-99605
44221
-3746
-44332
-38926
-37325
4231
-93108
12309
-51881
69884
-57147
-43324
-80555
26929
45461
43484
-64032
-51797
-35978
-26603
-65776
80629
71424
-82395
-68717
29731
98185
-54375
-95839
58959
90566
10462
18755
29269
16071
3585
-97873
-287
74154
84255
59260
25692
-4971
-69537
78451
73757
60032
-95356
57975
20354
-18844
63410
10877
33275
-24923
-70222
-83520
-4892
-96379
58474
19382
8939
45846
66590
-32974
18786
84878
20297
1687
-70187
-55250
-83640
16169
90904
-92621
32036
-71744
50670
49520
16508
-44105
-66925
16504
90965
-54471
-76760
-74077
-33801
38953
-52005
42745
-13554
-50656
92561
-60670
24654
11138
85382
-73300
-4463
28736
-35909
70805
97825
73588
-69281
20910
-76005
47801
49188
-74877
92209
67156
32165
-59380
-12255
-35832
-81759
6749
41682
-71091
-22237
87188
-83636
74683
-14030
16388
-98575
90587
-56354
-19896
16705
92256
-74790
49261
-92680
-50952
-3588
16906
-89456
30256
36655
50537
71784
57025
83665
-5278
64693
-2097
43485
30388
41041
-75119
39252
-6472
35841
-47848
-81115
19586
87164
-29210
29378
37596
-27707
74626
-39864
6576
-1403
19665
15488
-35297
-25915
-99863
24032
-7993
-47462
69630
7228
55155
-28136
68881
63017
-47096
-78454
-73896
15569
-92312
30836
-53995
-81166
98275
-48975
-18944
87107
85511
-97352
8042
95660
-14137
6627
-57830
78935
-54574
-21942
-32794
-50062
27773
81340
-36722
-39192
-94585
1385
-20759
-93560
67490
48841
-75365
58020
42707
44685
-62640
45497
-48741
99272
-70876
-2032
5684
-13023
-74470
79263
-47860
-56563
-64966
6353
81437
68484
94221
66003
-6103
37835
-59588
97505
-93778
24089
-40332
49413
4992
95273
-78119
12636
63875
1086
-56572
-59435
27996
30865
-39459
-33145
85168
73245
51086
93243
20852
73969
-20947
-7387
19334
52584
45941
84979
12916
99827
-7457
48908
-9471
-43106
-58653
-48405
-27423
4478
22674
97311
62071
32947
99345
-33416
-80825
87181
-57784
-55488
24964
-67564
-6538
-27940
-37237
69739
-75115
56783
31381
76928
-23450
95579
-36989
-34075
-43877
-3893
74474
88346
22536
-29794
-14651
-60523
70142
-42091
-11629
46048
-14387
52499
74168
-50594
-33362
88520
12792
82977
3645
54207
40354
-59244
-61629
53123
96408
-24186
-11551
10768
-41768
-92917
2793
46874
-40318
37067
-96332
-87627
54045
71843
-80929
94996
-4211
-33910
14626
-4086
-15417
96845
11555
-76648
-23690
-14983
44731
17350
81339
20856
-1249
-47386
-85775
-77037
-7964
97515
-89932
-70818
68496
-11109
93444
83525
-16102
-52903
-33667
42327
67411
14808
-61076
82137
-58543
88880
85660
-85356
-85908
-24050
68260
40746
-95829
-82932
-19207
-80438
-67017
54983
54868
-43791
-44551
64179
-48316
-91180
-4495
-65737
-81048
-49457
22083
-34396
-19331
21166
-78447
44250
2
-75785
-99247
73748
-35548
-88717
-84809
27780
8426
69046
-4774
-91817
-20911
87746
50048
-88777
47615
-67929
56922
46972
-98243
79955
-20080
-40462
27961
-9339
47470
93248
89421
-87297
919
38861
-25185
-89263
17332
67905
-35660
-38877
-88058
-22948
58234
-87673
-9222
-97420
-5441
3934
71986
73873
50272
-39424
49804
-93566
3434
-59757
89213
-20180
-857
-17216
-86866
-47245
-4581
-50715
-13262
-67920
38360
-41891
56022
93236
-85162
-29695
-10862
55191
-45131
-92916
-85446
25790
-17839
80705
17503
-59061
91137
89760
30923
-41413
3576
18628
-82161
60445
18477
76592
-23814
-78878
83065
10039
67581
-67710
-76153
73418
95352
56863
14384
-34031
-43043
57893
35191
-2679
-26246
-97475
-81253
12242
-10078
2262
-8838
-49347
-47064
54796
98370
79599
21146
23698
-57223
65139
-11292
82336
-95847
56422
-77981
96416
-81052
70666
78272
19949
-43015
73049
6650
7970
4105
-59888
-43743
88948
23226
38355
-70293
68426
92356
51875
-78523
9056
80193
-41288
14599
57322
65115
79507
73463
-38098
25247
86074
-25975
91047
66842
50113
50437
72874
3104
69674
86428
75476
-87821
-32906
-16845
77315
75192
61008
-5871
-17158
-29688
-22597
35003
-85226
39495
59089
38307
-3134
54988
-8416
-89599
-27061
95781
91048
54652
-43158
86950
-90064
63269
99626
-96375
6004
14046
-47681
59681
-7026
-98954
-17019
-25033
5877
82930
-23809
-65580
-65480
16773
-98858
-21060
67873
-22129
11939
-47055
97734
18935
35713
51206
-68358
-47087
-2931
-2350
45396
18572
-40212
82991
-65885
-38381
15838
-53731
-65440
88718
89895
-54431
90595
-81857
95182
57872
-89106
71237
-68930
-50488
77365
-45862
84985
50081
-6891
-40961
97507
-52862
-31538
196
-42334
2455
31251
570
32601
65303
66637
17681
-54024
91817
-9451
-24960
7265
-94199
-37826
-50034
24455
-88512
-27289
-92558
-67924
-56030
-82443
-33130
32971
-81105
48419
-82267
-25343
46053
-5522
-2398
87833
-92598
1548
-36221
84570
-80643
-13670
1404
87217
-76167
-79536
98146
43538
-63372
-48771
52783
8512
-33305
16230
57547
83308
-2116
1293
2826
-77722
82860
-66039
33104
74344
61642
66787
-90741
-16811
32666
37352
47266
-24202
93062
85713
99916
-21293
59638
-86653
27502
78262
-12926
-84859
-91810
14612
-95710
47671
92940
-83891
95708
-7663
-17921
88774
-85660
-69362
-5010
1140
-83751
-91750
-74690
-40814
61855
-81507
81553
-81995
-80757
45447
76037
-10222
73309
-87320
-53318
-74284
-76223
-75419
-9809
14396
55008
73493
-73334
5081
51634
90207
-5381
47188
-80902
-36327
91117
-66280
-90932
99078
-5769
-65286
1857
-68710
91049
76106
-85375
-88444
44636
-43980
-14441
93603
-75305
52378
-24420
-97675
-43037
45098
-7289
-57773
68485
49606
35583
89390
-95640
37892
79681
17674
-6719
-1172
59295
-3135
-83687
60704
-1507
2867
-99094
-83243
24666
84663
-13123
-96572
16909
31902
-32913
51741
-83680
73685
-13020
5880
22563
54902
-16444
-27553
-43340
-79433
34562
21497
7928
13131
-78991
53167
-17111
55687
65220
88010
-71807
89427
-8316
-16030
-37595
-61624
9129
-3348
-44349
73903
55277
32823
-98714
26300
19652
-19777
58789
72534
1135
58281
-96193
-58371
-56833
35657
71687
82725
-10531
-97138
62603
23956
16168
55585
-49672
-4873
-50212
32309
-21160
-49969
19966
40260
-12822
-55893
-91154
82519
-243
61643
67289
-13529
-77097
12206
85637
64827
-86297
78094
-66337
-11636
-77062
-58767
-17669
-99244
86861
-2913
-73491
60408
-39102
32010
-31076
20955
-45423
25153
92792
98222
-21595
-35458
79779
19600
-40531
7737
-7795
17411
11007
17644
-7798
-71707
14348
20113
58081
-36676
7000
-46917
-93469
-94309
-81480
-71621
11970
-11759
-86227
-42867
-84668
-81244
-25135
16030
65221
-47634
-85373
26771
-18129
-38058
3839
23651
-61299
78800
77709
-23997
12633
16583
-15549
53312
70207
-59480
-92779
-97830
-33405
86169
81220
73440
-37481
-32878
98503
52949
61865
-20811
12624
-7661
98250
-64406
-79697
-39752
-96418
53832
54012
-77843
-82616
89857
62929
-31518
56527
-72356
-96406
48187
-44670
-77586
50430
37579
-45003
68859
12918
89133
-89484
82954
24045
97990
-29500
-80113
19161
-27495
-40294
-29164
-86707
-94998
43627
-56742
-1284
19982
80884
12267
21427
-42958
10814
60895
89697
86379
-46736
33300
-63584
89642
-81175
-48542
-69091
1037
-68687
28630
-48274
81654
16942
56335
-21549
-80713
-90049
-54722
-68934
-91106
41435
-46203
6168
-49740
67320
-29532
8367
35843
-17452
7887
29448
-66611
-3195
-54322
-67952
79777
-51318
71511
-43508
42516
47066
-2372
29541
16704
63051
-93232
39146
85388
36084
27593
-29576
-66551
-72748
-57148
22886
-74506
-58239
-22663
85060
11480
-81588
65699
-6114
-10173
52920
-9329
74084
59650
55675
74220
-28361
-27722
-31732
-7484
94002
-53735
68733
-72556
31390
30364
70792
32800
96969
73721
-50210
-13090
36353
-21373
54004
-2588
-7970
7325
-22008
60958
80910
56105
37008
-30394
-64597
6590
7107
-1140
-6366
65171
37130
-7932
83054
-76624
-67741
77557
-49436
70405
24612
-40240
-51352
-48315
19738
84095
-76048
-68524
13592
19179
50220
7944
-56931
3436
36849
72986
-37197
-9100
64912
67505
-19495
56741
29308
56816
15990
-18357
67433
2676
70155
-82500
2363
76612
-39278
83733
84477
-56811
-68473
60611
-1618
-9361
91313
-6248
-35766
-27720
79124
65662
-69740
-54292
-58008
-55348
33174
-88116
93515
22775
-23415
-34408
-59484
-33333
-63306
-65394
-41065
-28816
40530
-30078
-53339
32914
-34570
-75201
90814
10836
-56737
64883
-50951
-82483
58816
78709
-53221
42734
-71597
84052
85585
11386
35260
96610
31916
-81916
-4866
-70596
33856
-70725
65651
47341
57312
65665
61888
36511
-85268
-73558
-35534
-1210
-21333
-65987
73920
-10830
-2952
-88869
-31432
-83031
49703
-33890
96923
9917
29583
-99727
-79983
83670
90539
95306
5326
55107
-2454
34634
22777
12831
16034
29326
934
-19619
3646
-62825
50560
65607
-13200
-70029
-62881
99335
15915
-50415
-2790
25209
-90930
61601
55814
-32712
-20464
38074
47030
-60550
-58920
39571
82085
-6831
69365
16254
83296
65361
-12436
-30647
-45684
-32870
20446
20279
-85436
72507
35752
72873
13056
63645
59112
67783
62143
64447
-30927
-2815
19366
22658
-59420
73351
7279
27037
-79930
-78303
-66330
64602
-72482
-4562
26345
13952
26037
-96354
70445
11391
26369
-98091
-22044
71816
-74254
98955
21444
-55636
-15713
45414
-64909
-43208
-35888
92991
94510
7489
8068
-11208
-93750
39734
-22055
64202
61064
44006
-84749
65246
-51569
26508
-78084
-14212
-26237
40315
-4521
61401
43296
-32833
-54479
-37769
-34341
8872
-93905
60093
58846
-20209
87207
50122
832
-95245
79862
-66665
-43999
-80773
28865
52011
4973
90332
92841
65721
88790
91310
91263
36258
77699
-27561
-75585
61074
-10695
90497
-79625
95367
16083
31625
-43556
-30707
36529
-2837
-97417
-92120
73369
71767
-76542
92889
-32214
82033
-95715
-13601
16891
64810
-78808
25978
-52051
-98449
11946
-20175
-1893
25937
-79951
-91352
-15256
-72678
36230
10373
12857
-44370
-40635
57624
-70013
-41072
-37098
-29458
42908
-97166
-41975
56559
-23704
-44941
-14209
80736
-212
57159
58905
35560
75507
-68000
-83026
-47497
-96083
61697
-90155
79143
-82833
82654
-907
-48019
-74898
8643
58089
-32340
47339
73892
30788
99071
12498
-29984
68607
-63969
-2327
-38358
88606
12961
57636
-13663
72573
-15031
-47616
-48358
-60646
-50468
-46457
-8928
56728
25627
-52084
-87521
18023
92754
-72655
42509
76152
76212
-21047
59862
-44706
53888
68292
61025
48103
-83788
95126
-65852
45937
-15576
-71767
-71605
-67586
12279
33288
-61984
-32763
-98209
58713
-26232
3474
6188
15520
99227
-59012
91554
-49745
-7394
-31449
86847
86727
-37059
-92981
33977
79628
56142
77102
80742
72679
-69380
9867
60787
-59877
-38666
99171
-71994
-43195
97347
24391
93046
-65754
-44207
39436
63132
87440
-59097
75588
1307
92071
-48861
-78659
-46249
845
-51412
-51833
65867
-90862
69512
-41350
49274
-37151
88907
43993
-95297
-15930
-69559
38469
-9947
56081
-88909
-88259
94670
-83748
43668
55215
-60822
-60533
-67979
-24934
-32492
7926
60125
-79826
77796
88434
60684
82634
-24270
-53973
87642
45113
47467
-64625
-21437
76664
-22985
6961
24104
-94289
-89395
14568
-1642
-54263
-94357
-3741
-91852
73823
69918
-12068
63749
92957
-4097
98892
-72209
-81058
-16679
-9541
62236
-89847
69856
53954
63625
7464
76069
-5637
14597
-80300
-36141
-47328
-68471
-22931
39411
28109
-3370
27776
-61696
-31355
96011
83695
-33839
1572
-4150
79618
-9105
63283
-22665
79441
-41467
46707
28753
-25490
-39581
20365
-67361
45492
97052
72978
28422
46648
98368
-62163
8447
-19732
80441
73839
-9763
44938
-29270
-68062
18960
-56108
-42748
-98650
67901
35076
80150
-23211
68509
-10690
44790
-62190
42815
-46313
23999
-18915
-76564
-69737
10229
-76257
-38545
-10825
-14161
92560
-19040
-9667
2959
94688
-93277
1573
-30241
38768
-42561
99880
60078
64759
-66246
86959
54260
18239
-26286
-50722
78484
-50861
-38655
4111
30251
34520
-89525
-99619
80458
-42647
68553
-74155
38896
-72153
80777
-79723
65563
35945
11133
65164
47124
-51973
82173
51839
-42849
-90217
-58023
3794
-23330
-82523
-65301
-12749
23300
60639
8476
53775
98208
35562
27242
-81419
31961
97777
-98591
82618
-3095
58268
90493
-87513
96894
-59302
79489
-49365
2769
-99316
-60937
59207
66520
82702
-45345
15786
-29807
3667
-53719
17263
7251
-35797
-76445
75348
-84870
28215
-6695
4139
48160
-80797
15687
-48214
-96147
-9371
-25553
62342
-64723
87918
15473
-47312
-39557
-57398
-14164
-27781
-53444
-84752
21744
-44026
17604
2958
-18142
83332
-55156
-85874
99932
79529
-22860
-853
37138
-89281
73211
-82016
42642
-4809
-84648
68525
32681
14829
834
-43431
-56127
34389
79744
-45854
2156
97091
-44211
-31727
13259
91560
-48580
97781
-5266
-78931
-62201
53245
35895
-66375
2465
-58037
90353
-95571
-8742
91226
25910
-94663
21676
-96183
67543
-27222
96590
63914
-53198
95252
67540
66234
36784
-64918
-33774
55376
-14354
-95152
90851
11833
86073
-49008
19255
-96702
30380
-76026
65510
-22668
44411
59614
29694
-43257
-87828
44842
-27620
-91846
-9228
50487
12663
58849
73240
74141
-66291
-52881
-8796
-45820
435
52079
-54244
-50003
50597
-69930
32247
-97347
-87298
-77129
-22423
68518
-55369
-68321
-25456
69834
-46386
29263
71144
-23173
49240
-24691
-66854
-97105
39676
-17728
93451
-10000
-85823
24183
-20253
-54939
79349
40526
6092
35495
-35575
30228
30614
-63161
-82190
-91831
83708
-25934
-88142
-12367
65553
-39134
16769
-63515
-89973
-79744
-75266
23145
80187
-58757
-17632
-87095
64526
67825
-54615
-8825
21030
83570
8298
-92926
81508
-57827
92596
-88588
-30801
-19484
-83987
-74971
-73789
94165
-67159
-69032
99423
41287
-97742
4280
36396
93807
55820
13436
-52810
90063
-35125
-91322
32313
36935
83019
96217
64335
-88479
-13488
86037
-28311
73716
39139
-45411
79716
69501
-29824
-43393
-43196
-65591
-61272
-29176
-94507
68808
-96507
-22846
22473
-81546
-66077
12565
1594
-88103
77586
-66751
-16462
-37578
-31502
-30000
64598
19973
-56543
53360
-30554
96698
-83932
49863
-57928
-16001
-27825
-20942
-20854
57522
-17910
29521
-78959
65773
19830
76859
99318
-87811
93872
-97528
-25227
-89799
80260
-89775
34152
38424
-98433
-36999
98052
69497
-25964
43376
87315
-17830
22426
-67774
-88134
39835
5974
56723
-85095
-20401
72495
-73281
40546
47872
97766
52758
86962
-31560
-15761
-74822
39975
64176
30984
-35763
94145
37096
29707
29479
-34040
50551
72540
-674
-67870
54040
-33958
-16602
-54168
86938
92526
-40785
75645
43941
-10142
81713
861
-48533
86641
18975
78657
-92885
85789
-92483
-16436
-98639
-904
57692
-60669
-40976
-21260
-84416
-85826
88171
-83826
5649
57259
74368
84596
34955
42433
50414
21860
-57613
4540
56425
-54451
24366
-48473
-90746
-30316
11148
-86181
-41628
-73342
36361
-4116
-18206
56067
-83372
95034
-69891
-76175
-41772
-41314
-825
-90320
33358
-11798
-27313
53202
-9985
87534
-34302
59135
71497
55656
88566
4297
-61305
89688
-17686
-72178
-43497
-66334
-28556
-26389
-33185
33525
-86063
96791
-30305
71113
-21894
-55293
-34344
20419
42803
91463
4327
-76908
-10652
85569
-99212
-8146
52531
-90604
94462
37537
-62625
-94729
19780
49087
73482
-65365
-16703
35731
29187
9572
87511
-28520
-47290
34177
22885
59734
91397
74312
-52413
35653
-78999
-11579
-23506
-83067
63582
-44531
-43774
23729
31726
39457
49688
-97411
78199
-44208
13533
-57005
30252
32576
78000
-69406
-20578
14366
60167
-47473
50155
-23730
45359
69417
32745
-76772
79987
61765
78573
54089
-13152
43209
-59547
-90345
18902
66928
17476
-51840
91246
-98527
-49254
-65309
-70819
-90334
-51394
89723
-98906
32185
-11686
33515
-70898
23033
28268
34567
41202
75197
52296
-66528
85465
2361
-66023
99150
94193
5840
83740
78266
-27906
59836
-41142
67311
77564
31055
35414
67634
-9747
44173
-98018
-30851
15646
-32876
-46326
4863
3798
11420
55176
-89643
-43381
-59164
7339
-19204
-67110
-29258
47541
59359
-31005
31534
69159
-14182
-21966
54389
-88176
21314
-49441
50578
53673
9027
-76029
43523
-99055
-11855
99192
754
-34265
-17946
53528
-52414
69177
32829
85866
61787
-41867
-25293
66966
-56351
52179
32770
29884
-84638
96541
46128
63475
26280
80871
-24368
66414
17761
69640
16653
-35416
-60569
-49766
2351
46566
58279
-33594
53624
53572
57225
-33605
10326
40189
42117
-60581
-1089
-93275
-57108
-47358
-97212
56644
98103
-84449
-5470
1226
-33250
51562
-3345
-49878
22958
12156
-76299
88527
27019
-83778
-86481
96559
-54425
-99870
52690
84478
-87346
28838
25635
-72229
42203
-68821
20840
11922
-14538
99921
9889
-67192
56564
76888
70864
21456
9926
17161
-47627
82151
22593
42095
-64367
5872
-92301
-73027
-55090
-65454
-51410
-69680
67414
65815
11908
59637
79719
-97013
-19104
28695
19080
71349
-25684
31100
23120
76083
5958
-43300
-54958
-6770
90960
-59746
970
64834
50901
-82379
66024
-13452
-13850
85370
-50860
64507
-43853
-13857
-43141
49504
31454
-3961
-60400
-93257
-5722
85566
365
-6722
96062
-14397
29051
-85570
-49469
-32942
-54639
80825
41357
-4736
56855
60083
-46852
-69617
94801
63026
47955
60042
52630
93337
-72608
-39966
-79102
-57324
16364
18331
-54164
-5800
-76331
-35034
-90272
88901
24057
-45992
18034
-42499
-43022
-50398
-64701
45313
44196
-53102
-98473
-57932
35525
-67676
-53175
39243
65415
-2534
-19752
24439
-1045
90111
50710
-65336
-64635
6267
-2835
-14564
-2607
-58551
48167
-61125
-26520
36412
-53910
79206
86570
-195
52842
-49907
70168
57941
-72087
-51805
62987
-64925
-6789
69928
-60654
20746
-32719
37375
-69960
11248
-32263
-4740
-17751
61948
60387
19688
91524
-71224
53981
92027
34332
-18056
96116
26173
50718
20145
4678
79160
-8844
63996
76929
85521
1026
-7339
97068
-76727
21509
79091
16678
22996
-12517
95890
-3077
27915
62295
-90265
17207
52573
4312
85874
-74532
7104
88887
-99192
9805
-63734
63916
73660
15730
13190
80348
44865
91795
23508
-14432
58183
50776
-10055
-39973
-15270
-68007
83787
-32445
28582
-6680
43319
-36574
41144
-97006
-91521
42122
17946
51249
-30161
19643
-42202
49407
13617
96914
-6901
-22808
-26524
39963
84689
91762
-99833
-84569
-58727
-76715
-25718
-89013
76933
-32470
89700
-40482
45071
15076
-62750
97761
94828
-11421
-35353
-18534
-19807
10398
51080
-53371
-52673
-14652
-57498
24714
10669
55086
-4029
-56343
-16062
39769
75465
71257
57610
23045
55223
-73775
29734
-98119
-89574
-68824
26428
31540
-83329
-9330
-86372
49619
-42657
82785
-15892
-35696
13102
18321
-37857
-21905
-40272
25816
-77339
-4012
-67569
25754
-41911
-33709
-59215
23952
80765
9815
-48238
96958
-76113
65425
77259
77057
67998
61218
72580
-13576
50501
68383
-92051
80157
-48094
-82142
-47019
-11056
55685
-4
-93038
73533
-9672
-94427
-60566
75258
15657
98773
-79252
37422
-7165
50693
-1892
-41388
30414
-98945
-72094
-31592
-10213
4850
-34185
-24608
-79311
93068
-15940
-92362
39608
67797
16017
-35177
52919
-11676
-77077
17648
23539
7586
32356
-93109
73993
-94344
-44661
-92682
4801
82879
-48364
-79244
69357
68025
33495
-79289
-68870
-39684
-53619
-31001
-34141
-14363
-99495
17010
73144
14714
30447
-16788
-2717
57445
-76755
-15907
-20836
-29286
-4991
-4695
59972
-59688
-72361
46716
53706
-95749
24967
-32902
10751
75087
-94705
-7521
56083
19762
10969
33761
-44092
-34773
59602
-35730
-5897
-91653
-22714
-3843
66390
21295
93906
-4374
-65571
71959
-43278
24085
7702
54461
-39032
-88049
10605
52579
-57588
95023
67303
-94626
-96209
-30245
-98388
-23082
52155
-41457
25524
-34550
71898
-78457
97274
94196
-65015
71969
24826
-90497
-95666
-88187
-7483
94162
-60629
-47272
-32671
-79877
-45011
-80252
-41044
36611
-72973
89351
-38178
41516
64006
-37136
-65219
20839
46465
9663
50258
-92306
-11532
-18601
91780
32902
54541
791
57593
35908
30262
59198
-63779
-79525
-43965
-43790
59758
-97584
-42329
-22744
-80493
-794
-79117
81267
16921
-41767
36105
-27582
-46019
-37356
-89621
84961
21005
-29501
41167
7210
25170
-11158
-8041
-15108
-39074
-26548
20541
41129
-71943
-47987
-14052
32959
-31143
17705
97664
56686
32728
82513
-52902
91519
-18439
-26033
-98184
9130
68390
-38051
46694
67139
69044
28874
16149
-50395
84175
84624
22138
-14238
37266
2137
4020
-63848
90592
-39243
80919
11155
-3343
-63437
92643
-67045
87648
-11317
2669
20146
60850
16538
-14465
65198
-77814
12096
19066
89996
-80711
-40491
32051
-21497
27
-93861
80400
24573
52983
51885
-79551
-49440
73352
-87105
28811
59508
-64860
36777
-38086
-66239
-95361
67575
-8109
36436
977
-84875
-32760
-12341
74615
-19951
-26638
57468
78496
86965
-20504
-49626
87064
-46784
-46084
-68535
-6480
-96361
-25237
26136
80117
88898
27668
40690
-24523
73847
18903
81804
-22658
37660
-43800
-84806
20750
87546
95310
90537
-22317
-55335
-5121
-46550
97714
70953
16383
88433
36864
-33982
29088
36839
-41330
-97739
37517
-73284
15854
-59282
95938
15118
-85680
-7706
-46108
56575
-12989
26100
-27455
27500
-97183
-17871
-63956
-82440
-44445
-84048
54745
20391
-98008
-17739
-32297
-98905
-6204
73673
-19753
26815
51565
21683
12318
-17499
26392
-15350
-43602
-3356
-71193
64660
-82334
-5051
-88593
75306
66920
-97350
10546
-81122
-96120
-57269
-51867
54454
99867
-52123
-22588
-6241
-49657
34922
-37904
-20300
-63171
3828
60633
-93415
-79227
42205
-51135
4527
27830
-40174
-82977
84816
-73069
70462
-24876
3710
-95660
91738
48269
79293
55437
-30951
2643
78810
82590
-51247
-51298
-41579
14218
1340
4450
70989
35950
86145
-72525
11800
55403
-8053
-51852
32242
-66620
-69802
14632
-37287
-30592
-55134
74487
98764
-71154
97145
30724
-78334
-34670
97213
-91008
88496
96577
44592
22830
-58247
-54280
-71679
15274
-16546
-43855
24590
9038
75228
-27237
6425
-92379
-77518
-62804
-2233
79015
79127
79720
89611
-36780
8984
-96383
52336
-47225
83417
-17557
46548
-56874
63701
-48160
59092
-10534
95819
17204
-27246
76206
-21551
35670
-62305
26762
-35899
-94986
-36223
-75507
43803
56712
21936
-37351
-46402
28466
-96455
23828
-5591
45543
85367
75146
-83895
-13586
60049
46529
81413
20312
-28639
-4088
94120
-3877
-77803
-84210
-59990
-58823
80536
-53760
57146
77716
-72389
5453
1507
85575
52287
48740
-15291
-61959
-91826
84405
-8302
-209
-44813
28285
-77328
64764
76073
-28766
-31986
-15160
43793
81992
-93349
93069
12189
-68645
-66642
-4975
-57680
-11850
35459
31960
-65627
-59171
74176
-88910
54402
-7837
36760
51975
-96939
-71190
43153
16302
2494
-50738
-19275
-37591
70293
-97351
-23502
91093
-82475
58731
-80653
-37409
24855
36936
-23743
3464
76488
-24633
15828
20259
-9611
84754
61221
93747
-69294
5142
12865
31907
5107
17245
35328
-48652
-72358
73146
-20142
98738
-95724
-11251
85365
-70799
23271
-25873
-52872
-71506
94674
22296
33898
92458
3754
-42004
54303
76036
33473
39414
-32451
-71977
-58580
32103
45758
95651
18688
-21791
-11875
89209
-66052
-51766
61623
18361
63492
-97522
59027
-65912
1358
-14393
58859
-33023
92446
-88424
-77612
22806
35876
-43320
-78246
-16742
-38387
-14944
45781
-95622
-75320
-24969
34560
-86827
-98871
-57942
-77304
9835
82999
-44587
82028
-73131
69821
-91721
-52630
53065
95166
3903
30278
-70587
-34849
-75652
4107
28232
-5691
-67609
78007
5065
65759
19494
59275
-50711
90710
-27914
-43033
-1948
28117
22350
34320
39532
-79682
-13080
80687
-24558
96038
-13917
2828
62849
34337
-88814
-64987
-12071
91171
-17272
-63996
19620
-90359
-37174
62496
29007
-85577
73054
34127
9385
-17432
-59462
11743
92135
-80106
47347
35411
-61582
-97514
-11989
-42776
92105
-31230
32895
-60196
-31267
90720
24797
85416
56072
40749
-39927
-56529
-62574
99299
-4068
-38635
14965
-17259
-80762
16984
-44030
-93773
-62301
-76823
2068
-53998
70153
6863
38120
-14524
29984
-46206
60500
-70853
32593
-85596
-12757
16192
-81214
-44068
-1725
21798
63840
-78944
44609
41032
-69828
19802
90673
-54582
87568
-47619
58214
84005
45542
51931
7934
-56452
15269
-24619
85998
70556
541
81765
58248
32993
-46939
-55484
45566
-88952
6447
99037
-97685
5932
65222
-26472
99234
-82886
-156
2614
38450
-61480
-95380
77046
-65988
-39875
94551
-41940
40612
-94499
-59190
55833
-31944
-74368
-38356
42344
-64181
-70838
80128
47039
59544
73545
-87347
-12673
93519
-90859
-18111
70102
74207
33548
31369
-16783
-86329
83824
-38983
-79073
-71947
-96263
49491
-84649
-46994
-6402
22694
-16000
-74140
97727
-77537
-826
-21410
-43822
40961
-18955
62819
71022
2790
63943
66088
45677
88467
-71797
45429
65097
-9262
-58178
80667
-11804
-52101
-51920
77494
-26153
-93912
-69571
-21064
15638
-11563
-45427
-26468
-16034
5341
86504
-28206
5425
-7827
-42419
-87554
-67542
-13784
-62078
13874
-31017
62588
-39337
-58584
83730
96050
36480
-94517
64148
-60627
-87100
18586
-47739
85381
-71558
17320
82329
-34726
-81552
-3052
41094
59687
-77653
83499
82892
83441
-58752
-6157
-8420
-88827
75744
77171
16634
91768
-89313
28936
93367
-41069
-69801
-14723
65541
76715
-93016
35667
-69701
-6913
-99397
26236
7806
56462
-54913
-21583
87760
-74213
-94202
-86960
6963
-35249
-20919
-65628
-21156
-58269
75717
61984
87462
51482
-25117
7896
26763
32432
-70907
8987
-22776
87333
80031
44440
24743
71639
54627
-69243
-25674
-95023
-85755
-65425
-12935
82350
24190
31283
19992
-17402
64935
-11921
84370
-93278
-69563
-32885
44820
-29219
-63385
-45929
40373
11280
26287
49044
77473
20351
85034
59815
26381
63249
84065
44151
-48749
48173
50850
98941
93336
-56849
-21801
-4662
65025
-55995
42273
36506
-45105
-24935
-67889
75867
26536
73311
-15592
-20820
29301
-76566
-36911
-94207
-37685
-30311
21635
54789
72666
94953
-46500
19520
73960
-221
-17265
-1841
53877
-23728
-25382
35053
-49109
21730
-50785
-37312
40167
22058
-4950
-93764
41841
93481
-73150
38615
-39164
-90293
83231
-56337
87133
-86605
51585
62341
-36697
-51691
-32256
-55199
19028
70243
38093
-36140
-97727
-88603
18423
-45210
-66659
-54130
60861
-18611
3900
-16105
-67748
30756
-74699
85838
-66856
91043
90703
-39344
37594
-87977
52136
-72863
-43295
21147
-64837
79138
51737
-76568
-6523
-8491
-34354
-34940
-94539
-81603
87048
-35592
-58346
-55629
-68387
31985
-62182
563
-7636
-24085
76062
56927
-15774
-39735
-72349
-82356
3272
1088
84800
53851
43556
2675
-90905
36061
53213
33324
49929
-53055
51263
-79053
91653
95282
99118
-67131
-20824
-69353
-85965
17102
49384
-80341
-68028
-46821
51214
7913
-66979
70980
-53235
-29861
31284
-64450
48188
-97056
10372
47289
-103
26083
31543
88083
99730
-53601
-2329
51660
91997
36832
85250
92666
-38177
58577
-97502
48948
-60500
-12445
53803
-42541
43003
71636
-94142
-77792
692
6022
-92361
64339
-52190
-28943
74523
-43310
-30014
-57418
-53332
10131
97305
45586
59731
54624
-80583
-81035
83582
43585
-68339
92521
-85411
62636
42428
50958
27048
81502
33549
-70137
78239
-23934
-30464
21080
7871
-71888
39276
61767
-30457
42735
93867
-75477
-34494
85016
-32736
46942
-41599
12297
19321
-83579
24287
90321
-3603
-41127
1136
58139
58693
-12659
-13108
51709
-80028
-48757
12912
-31634
-89765
-13803
50867
-94870
80549
94266
27332
-27464
-24032
-37551
39939
10344
33183
-41349
16750
-57058
48604
-48462
-7572
31253
89977
-37702
62944
-50221
6644
-2061
-83885
201
-64287
5589
-53612
-1169
44264
96420
48474
-32046
81650
-22502
-51925
32808
-38751
79321
42817
46258
8232
41644
48094
79126
69462
69866
-94064
33798
80216
-61856
-9928
52610
28989
-18738
98590
6896
-27064
43454
1802
31869
70996
-91482
51953
-204
-47262
-66053
64437
7187
-12550
-95634
-88219
-35018
-78666
85695
87495
78593
-52276
64753
-32415
87319
15745
-98808
82917
57776
-84144
93139
50078
46054
-68474
-65346
64272
-37060
3573
23870
-26937
94911
-4715
84780
-35961
-39731
55003
24237
-77570
-89137
98905
-11367
51363
-98100
-88889
29633
-61270
19713
33974
27626
-7574
-53988
-4288
-5823
34246
-19587
-13287
-39621
85047
51704
-2124
-49587
-12684
-2431
52676
-14412
-99766
-61214
-13286
-71690
-48244
81109
-37844
34516
42527
-25205
80599
-46030
53820
-85718
44051
-33856
27983
46394
59343
-71735
-15513
-81545
45591
19125
2377
-22864
51382
-48572
-28337
-43402
6323
74444
-43430
46908
-54222
17113
-21871
-34009
32438
-184
-33066
-54251
-15214
13705
-48776
-78443
-35562
8019
26900
-31346
-10149
-31195
17702
95905
77771
67378
71437
-58351
88242
64476
-45840
33287
94310
397
-3319
3160
-3310
-37305
55846
1729
-30115
-57256
57340
-97894
34139
-70050
55592
-87585
16609
84136
-5366
-87551
-32158
-65206
56878
78198
-22757
-9721
34256
-17942
-18229
85969
32485
46646
-65460
-89417
-65730
-54116
-78712
-15810
-55425
-2791
15172
-29395
-27508
96542
-98796
-72569
-6289
40598
94916
18259
-15579
2564
146
-25066
-57135
-55207
-97766
-92347
-22468
-21350
-77159
-31384
45801
65968
45404
63612
-58909
-14024
-90436
12622
-2977
38072
72757
28397
-91767
-85958
-19696
-23065
13745
-83303
-13604
-52097
8790
-41042
-69365
-45750
14237
32442
-96112
-9869
-59700
51842
-76886
84691
-35470
-86034
-60239
-29649
53684
-52829
52030
-47836
-35853
67401
-32792
-27088
-73047
37552
-52974
38058
51167
91230
-63473
49272
29614
-58092
843
-92040
-29025
3818
-42176
-73928
-97544
98402
50244
781
84944
-55897
98482
-21728
-66218
86160
72943
69768
3999
19505
-28150
-59057
-76228
77469
-96015
81950
21998
34868
-67478
32073
22753
-43567
-39552
-84727
86516
-8076
12398
-55979
16956
12438
74399
-88975
-49573
37322
-97299
13240
86446
-92637
-41091
-66066
-40253
-99602
40695
51985
-17966
-44253
-88666
-16802
96342
-30614
49239
55402
10181
-82317
-31221
-61204
22005
-98854
-38981
-61782
70028
80382
-21887
53249
53010
-41624
51379
33025
56074
89062
98270
-48745
-63060
-16759
75341
58404
59515
87113
-58570
-87532
-41735
-43346
23139
93102
-9921
52893
-75613
27863
15100
-30686
-24038
-25259
-6256
-48831
-35986
39840
14287
42722
-881
40638
-13600
-90477
-74688
95889
39332
28890
-40632
-60913
-65821
-82310
27581
16304
12864
-33494
13511
-80905
-93770
-6569
91393
13321
658
-17006
-35831
-32609
-64722
40372
-25810
16588
65132
-98728
28555
98680
-90076
-76848
6091
82952
62167
7628
41216
79850
-75374
-11575
-9435
-70258
1832
-96667
65655
-76158
-21840
-90181
-34837
-88383
86343
-43170
-96898
6676
-9303
8343
-88226
86071
-84171
-5020
-78063
42525
-64253
-6706
79499
-12145
-39592
65050
51472
44002
-48992
-7085
-19354
72632
-92602
-49764
-7917
79842
13520
58173
21628
-47399
86616
88512
57003
27022
46759
89388
63419
53819
47028
47807
-4188
54926
71034
45524
-64097
30019
90868
91271
49471
-70604
81223
65535
-99795
85699
-81446
-1592
-25766
-27488
74547
83101
-59912
-27944
64869
-32927
-80042
-6050
7783
-21927
-29064
-5322
7042
-90829
24524
33585
-9461
76867
79329
79923
-20410
613
26003
75000
-45589
-16332
-17289
-91818
52989
-48773
58851
6636
97135
50233
-62796
47021
93343
80168
-98014
13626
77605
-7547
17063
2042
31998
-56013
-34356
-85768
79986
18724
70763
-31329
-31933
38475
-58289
-46559
-41251
10381
-58555
54551
-31936
5646
-68468
21089
83064
36660
48106
-35926
-63109
89298
1964
-29809
26406
-68957
55522
-67624
58159
-69982
-78096
-82773
60223
-66385
-14851
38704
-82725
16270
-29350
69176
-92491
-89226
90857
41577
66526
-38264
37601
-78579
-88677
6170
-94418
9578
3544
-89714
-39142
57257
58539
-42911
-44681
-51227
-22251
-49713
-45219
76172
53890
-86197
67095
-54635
-59072
-56124
10107
26686
40685
-95745
70068
-21483
54795
-47765
4331
-58515
-88933
-95603
48732
15566
34267
90394
-18617
-58564
-34635
76047
-80144
71471
46145
65476
21034
-58773
35913
-35703
-47655
70551
-32764
-16678
-11882
-58592
99180
-78042
7412
-50579
33128
-18686
33164
-82260
673
-79215
-48543
-79288
62005
65986
-68278
-81996
49054
-26066
42237
93320
50064
20059
54014
-35063
32852
-44477
-15332
95172
69110
-57036
-82631
65685
57594
17192
77086
39061
88154
27435
47155
-13693
-46063
-80873
-79134
80112
91575
-87464
16108
29994
-63852
86251
-36531
14304
11697
36065
-30342
34617
21018
36732
-90704
-13768
15264
4030
93338
33048
41065
81477
45963
-97413
46105
96707
80852
66538
95105
-68452
-29423
-87980
-41667
-5227
8763
-41132
84744
-41139
89282
30440
10022
-90304
26515
39321
-94957
-17627
2099
5933
3890
-72139
57709
73276
71124
-72647
73872
-435
50756
-77568
-95051
10998
78142
-4147
92059
-37781
98221
64124
52189
17544
62669
-25482
-8751
23162
99735
256
23485
-69426
-1557
-28698
-4961
-93638
-48962
71225
-12403
-2709
-46240
-78824
57708
31
-11497
8613
83804
-73631
57599
57699
-54268
-66980
34912
-51431
11488
42625
-5602
14154
30093
43768
-80655
71051
-88378
30032
-3056
32204
20428
-25292
67354
42321
44092
-21364
55509
-23823
-96713
-97908
44332
73233
-12097
51662
65617
41554
99983
39326
-61479
-33363
-17240
-1610
-43199
-82838
-68936
-82211
-72839
41676
8953
-37202
57291
73725
-84040
33965
-51694
2122
-72679
-22844
12042
-38071
56957
-27125
42219
-62692
68933
14953
22616
35031
-80551
-64671
92393
-37787
-92266
76188
-12294
-72492
-70028
30629
69444
-88826
90869
26233
-67179
-37815
-83075
53184
99079
36531
28868
-3221
38881
-83962
-80340
-92300
-4486
74245
-96574
34975
69577
-75649
-36259
86769
9218
-16112
86569
-3812
25369
-4587
55002
4526
32613
-2212
-6958
-40040
-79094
21843
96240
7915
22118
97478
32351
77757
-2778
16845
-28321
-70801
33208
-80922
-37609
-16524
61690
18864
85917
49723
-5003
-48597
16635
-27280
-93003
50331
-76530
7242
-36691
-62848
-88721
27874
61071
-57894
-17172
-76357
17217
73775
-69337
-418
10404
-79713
-83359
-24130
21747
-39567
-81469
27386
39738
-72738
31376
762
-4972
53802
-83375
-33279
-15537
74237
-12032
-1832
76190
90801
-35638
89150
14478
78256
22409
-54932
85452
56665
-68521
43022
-10122
18174
-78593
-3796
53341
-72626
79574
-38192
-12199
59010
93558
8951
-62742
-35008
78890
-84693
31312
47356
-47205
82064
-7703
-20966
1658
-25636
-2667
21559
-38569
2009
-59845
-45150
69250
-4711
89132
68020
45333
42311
-61987
65999
26611
-47609
93371
-96369
49458
-94280
63215
58895
-46861
79586
59069
-34043
-39719
58489
-78022
-74986
-77762
43323
-90177
-32697
8704
34792
-14070
-81085
-85249
-87857
-95132
44103
96374
-33086
-40206
67512
-91366
-32798
-45446
50822
47539
-46390
-55037
77604
46202
32518
73138
-88878
93042
-99433
30814
97092
73601
-3523
-4314
-74847
-28432
-99411
82758
10473
-27834
-38669
84785
-83123
77912
-97730
90819
-19423
-59137
-47799
45713
-25621
40572
86603
41949
79780
31809
-27492
97434
-51109
30012
24616
6805
-63701
-40567
-47771
-94612
-60345
45792
6810
-47254
55598
73315
55905
86413
-52297
75484
79762
27866
67958
-23328
36183
-70010
-51549
88360
-53846
-10282
78423
96811
30033
-42859
6565
30890
-47612
5962
-93261
-73117
69272
16615
-81619
-69535
84112
99167
82283
66000
95003
67563
92036
51159
-80459
-99554
-26574
14666
20264
36089
-95681
48586
7371
82034
-84123
-94377
-55704
-85717
93677
-15641
-47097
52420
1940
-75316
54980
74958
13964
-72314
-73165
85972
-51214
-85213
-22107
-82907
-7911
-65362
82584
-91941
-21706
-31951
40329
69925
-18511
-5631
43487
67186
87964
94525
77010
30990
-83603
-15538
7040
-75996
-96119
-88239
25218
-88048
-37681
11180
62897
-32993
14501
91096
54294
-25524
-57007
83893
-97876
88295
17917
78393
73947
31303
16804
16266
-79905
-10772
17848
-64289
3609
-55721
-70728
-54834
96061
20518
17580
-1764
-6974
-79395
69236
83956
-92016
-48574
78617
68903
-34938
-33756
-44722
-72774
-13811
22055
-13346
-45183
47875
78853
-8223
2646
76059
-96627
26609
43864
-59375
-71510
-92697
82037
-22923
9168
28653
-15445
27701
98456
-39751
-20382
-65647
37793
-258
71977
-61727
-23894
48500
12361
36253
-63001
38637
19187
-42211
42113
36012
-22700
85703
-77715
-8009
-4472
28931
21670
85886
-34137
-31771
15851
92483
-97820
-28182
98128
-1576
3963
64763
87849
56829
-53156
93128
92798
-10250
-18814
-773
-7485
35651
9684
-95527
6033
-59488
-48951
-811
53551
-67558
13687
42656
-30055
-43161
48454
43861
13203
39895
-60767
93723
55553
-96979
23254
45410
-21363
30354
-28741
93170
76259
21542
-7486
74339
1529
-68218
85574
-91668
-19553
54427
35177
-85113
-22569
25217
-71915
78074
-87683
-30873
78571
-63301
14801
35399
-6310
1777
-5700
60416
70559
-27990
11734
18336
-48170
-98961
45950
-30799
-83890
-44173
-44285
-638
-1466
69129
32753
-77936
-84824
-43977
-19543
23561
37700
37478
-17210
89337
-18360
-88139
19264
-85581
-54433
2416
65650
7023
-62221
72802
-8734
11673
39613
-68237
-67114
75815
56079
-49825
-36354
48694
84600
55942
20913
55289
65723
28490
-60793
-9861
-3351
-76819
-59780
-278
-58733
80244
-89245
-43412
79358
-10438
-1086
46631
62794
60300
87410
-53780
26371
-44540
27002
22416
76577
36782
67491
49529
-91060
-41267
62136
-60835
52087
-8541
30683
56735
-6455
52209
-5492
-82826
-30288
28218
-89435
-35801
-41231
-2715
63180
-4267
-86371
-47126
-66094
-16991
-25151
35332
13039
-94684
-7683
50965
-84960
12440
-70180
15836
-49981
-87866
-68522
35347
52809
96079
58257
-80155
-544
-15458
31062
99010
-99955
40539
37011
21589
6362
-26248
-28392
-70985
-56857
19193
-2668
-54172
-95855
86329
-92079
97246
59187
52882
92720
66294
-67408
-43995
-84673
-41898
60091
13595
44722
-61230
79619
-76831
-60675
83235
-1757
41235
82998
-50635
50377
44552
-5208
59087
-85201
94248
-80327
93564
-86973
92077
29671
86412
