700
3837
-271
6845
4461
-5015
-1751
5842
5516
1135
-6281
-155
3626
1199
709
-5580
1368
-6639
-1601
202
-2209
418
1670
-4474
-5190
4189
-5881
6623
6900
1755
-4603
-2182
-2424
3376
-3266
1467
5497
1692
6699
4274
4201
-1746
4584
3884
-6371
-4518
-214
6600
2657
1748
-4356
-6048
3220
4609
6475
3862
3008
4394
-2391
-3207
2906
-493
887
3073
-5715
-1298
-1855
2185
5794
-6776
-4283
-2489
-2737
2586
5760
-2029
-1669
5923
5313
-1788
-3428
-2569
-2954
-2039
-3223
3032
5570
5783
964
3778
-6405
4773
1727
3642
1747
1165
3356
-797
1858
2277
2729
5452
-6245
1715
-6918
-4693
-6079
-5362
-6434
-952
4060
6648
-2167
-453
3326
3561
-66
1907
-4084
-2591
-427
769
-5972
4280
4735
2259
5811
-6217
-748
-769
124
-2275
-4492
247
3657
-2381
1271
-768
3730
-5736
2059
-1573
5595
1547
3820
-113
-6843
-2255
-89
2028
2647
4959
-1522
6306
6365
-257
1821
-1873
-5682
6188
2101
5756
-2467
-6372
-2786
-3776
5184
6289
-1070
6767
6491
2863
4764
4096
1631
-586
4205
-820
-6067
2280
-528
4269
295
-460
-2259
-5917
599
5422
-2118
3105
-2257
-1164
-2063
-2310
-2364
6941
-120
-5599
3567
-766
-4678
142
-4927
-3762
2419
3271
-110
4835
-2093
-5295
-174
-3188
5699
-1676
4614
-5381
1700
-1009
-6383
2899
6263
-6749
-3046
-331
5105
-3893
6098
-1636
6330
3020
-3618
-3609
-5923
5036
3922
-6907
-4660
1107
1608
6470
-6835
3093
-6771
-721
-4127
4506
3742
-4101
-1804
1989
-4335
-1322
-5953
3511
4005
-4077
-3023
4954
1814
-1318
4824
2498
6375
4768
-3690
-5140
3532
-4976
918
-241
1684
-3864
934
-4042
4305
3461
-6910
4231
-177
5939
4230
1513
1026
-3478
6225
5511
350
436
6031
2813
6397
-3256
2102
-755
-6594
3296
6008
5062
1535
3173
4757
-59
50
3892
2821
3210
-5016
1863
-3203
2633
-6313
-2634
2131
-1337
-848
-3140
-4747
4886
2802
6987
-591
6515
-1273
1830
442
5013
3795
3069
-2629
2455
-2332
6667
1798
3931
1958
4843
-4376
2901
6934
5779
244
4332
5768
4492
-449
-3930
5944
-3392
949
5161
256
-5018
-6696
-6428
4415
-4146
2358
3101
449
-1365
6217
4876
-3344
3497
-5887
-4791
-1920
-6220
-5065
4546
-5118
-821
4791
-6927
2536
-1886
5168
6196
-5416
2732
4718
-4352
-2832
-1745
6123
1244
-2172
-1808
-5905
3944
6493
584
864
-1152
-2967
1968
3671
1022
2670
606
2627
-958
-4928
-5690
-2409
-4488
3334
-3473
-4147
3673
-3793
-5268
-2524
565
6347
1867
5565
-3090
6237
-3922
-3774
6051
-539
-3317
-4743
4700
-3719
-6856
-4159
2122
-6946
2394
6441
4999
-5774
-422
-6822
-321
3382
6911
8
-1253
1713
6383
-1501
-893
122
-4072
2522
-1068
260
-4218
2203
4302
5563
4696
5288
-3786
5275
3524
-668
-5526
-5119
2201
2778
2823
-5776
502
-3731
849
5038
3233
5761
-5639
-5615
5096
4314
5064
-2474
3373
3769
-6475
6884
-52
2146
2273
-1936
-4215
3580
-1532
-349
-652
5947
664
-3379
-3039
-5411
3178
3436
2624
844
5769
6124
-6234
341
-478
-833
-688
-1412
2866
5887
6349
3847
-931
-267
-628
2799
-6334
6405
3498
1366
5880
2964
-6846
702
-322
-1837
-304
-3782
-6287
-3429
-1784
1872
1636
1709
5049
-2218
-1869
3041
-3235
-1255
509
2879
4911
-6473
534
1743
-4407
-2034
-5723
-5114
360
-4809
-3535
1637
4501
2796
-5039
-3500
-6580
5679
-6273
-6223
5404
-3314
6966
5269
-1865
6361
3542
-3559
-3486
6782
-555
-3118
-1813
885
3452
-5129
2878
1129
1961
98
4853
-2722
-107
5721
-5712
611
-4941
-2102
2859
-6304
-3141
1894
-1938
-1304
234
-2400
3504
-6084
-2703
-608
-4582
1722
1927
-823
-3697
803
6371
3821
5021
921
90
2669
5661
-1908
-6926
-5640
-1021
2193
-3157
5796
4355
5832
-4020
1983
4588
-1192
-5478
4941
-95
1550
668
-5673
4535
3230
663
4337
5833
-5844
-1387
2048
-336
1769
-4623
-4143
2628
753
-6336
691
2615
2467
5775
-282
-1001
-3083
4606
-3531
2043
-5242
-6174
6130
-2544
5282
6128
-524
-3849
-2223
-467
1130
1093
4795
-3177
4062
5839
-6548
-272
5799
6657
-5979
-5162
6064
6921
2151
2194
1268
-4496
-4609
2751
2709
1756
2717
501
-5215
6243
-132
-2234
590
6116
3564
