130
259
-645
-1246
1076
-36
-135
525
-392
-438
1038
-1032
-424
1269
-377
-417
1082
1071
468
720
227
887
-1206
-697
-1014
108
735
-620
-88
-706
415
-107
-1200
-450
630
-1228
-249
-719
1265
860
-1022
867
-339
-1202
-813
390
-699
-1288
1218
-495
-213
188
-860
-1297
-527
-925
-471
803
825
-1293
753
-894
-353
-819
-251
-998
815
675
-770
-1058
367
-673
-646
-84
-486
1195
-362
-202
1259
1250
-689
-484
-1131
818
-464
397
-871
564
-296
-493
299
730
478
-759
-360
-1185
-1117
-1119
-517
794
-1260
817
-535
-291
642
-109
-929
-1132
-277
1000
-159
1174
172
215
-1128
-380
1232
285
534
1191
822
1074
-328
618
27
791
-877
312
-732
917
-1172
