128
963
783
-1254
-626
1256
-991
971
-979
-273
-1154
884
-679
-967
565
802
-128
-71
1267
432
-1149
998
362
-1009
51
-47
176
46
697
-586
-996
935
-371
-298
-517
-305
877
367
504
-215
599
-421
-759
-332
-379
-297
-491
567
-953
-895
-1210
-103
728
1113
-134
-247
-92
831
-811
-697
-44
-489
161
-62
74
252
128
-684
276
-999
851
-309
-1209
582
-70
-282
259
1174
-202
601
828
-583
85
-1094
-936
1127
-690
-204
489
679
-644
289
1199
930
-961
1226
1020
446
833
198
603
324
1146
1024
29
521
664
-698
902
-1211
-455
874
-1070
262
113
-797
-1267
506
-970
1075
169
-312
-888
166
309
-694
-1097
389
-715
