600
381
-1265
3955
-2371
-3579
-2816
4237
-2173
4240
4104
355
-32
-2809
-796
656
-1773
-4918
485
4994
4528
-3780
-1052
1142
-1209
-2546
4468
-5912
5180
5994
-2897
690
5603
2511
5770
-2484
4935
166
-1192
1067
-1242
-3073
-2234
-3427
-3106
5595
2710
-5197
-3522
2795
3149
2783
1087
-3228
-5043
-3669
5872
195
2666
-182
4172
-2166
5217
2789
-2635
4452
-1549
-56
3500
619
3178
3517
2002
-2720
-3089
5080
1980
5782
-3696
-4561
-3368
-5497
5283
-4672
3913
-4724
1998
-5007
5060
-3620
-4951
-4320
3739
3362
3904
2813
-5235
-508
552
-825
-1812
-1657
2447
-3475
-3391
-4108
4102
-1344
-2196
-2585
1705
1151
4135
3432
1891
731
-1826
5797
405
-2783
-1178
5063
4752
-3581
-1113
207
5045
3967
-5245
4574
-2728
-2999
-2315
5973
-5946
-4704
3146
-583
4424
3235
-77
5683
824
3608
-1480
-444
-4943
2421
4131
-1730
3261
3782
-1094
4733
-737
-3164
5459
-4442
-5192
3979
-1646
-877
1666
-2047
1342
-3596
-4251
5591
-4311
-5536
1877
-3520
1157
1997
-3916
695
2207
-2356
31
4457
-727
-2316
2978
3945
-4735
-3536
-3734
-1990
-3111
2260
-3911
1992
-3041
-673
-5515
3423
3310
-217
-4435
3412
-581
-340
2227
-1487
2803
4764
2583
-99
-3460
-394
-2301
3210
-2267
544
2657
-605
-3810
-1154
2683
-2216
1658
-2215
3894
3817
-3223
3393
-610
-2759
-96
-520
-3702
-155
-5378
-551
-1128
4310
3916
2125
3347
208
1222
3186
-2544
-4717
-2177
-2361
4635
4281
4777
-5211
-3884
-309
357
4715
1213
3936
-2571
3288
-5196
4555
4516
-2707
386
-5908
-2004
5068
3961
-5444
3374
4072
2553
-766
-1699
-78
515
-5110
-1423
-2232
-2374
2491
4314
2690
-5897
2405
-2501
5980
4949
-4460
-2560
-5021
-5751
-2586
-4607
-3271
2755
3752
-1719
5576
-176
4417
2835
-3016
390
4163
-449
3182
776
5436
-1843
-5556
3881
5772
367
2053
-3380
2084
-376
-2948
-3065
2736
-4350
-5005
1533
3295
1389
-5645
3244
-3665
-5904
-3605
-496
-1833
2601
-4259
-1606
10
1954
4515
788
-4431
3784
-2833
3783
-211
64
4194
-2174
-1371
985
-409
-5198
634
-4959
317
-5490
-4571
4818
-1218
5298
3830
3258
2376
-3067
1193
-4652
1271
-1565
3557
2866
-2527
4329
572
-260
-1943
3811
2241
-731
4097
-2966
2747
-4718
-3584
-3636
531
-3158
-1485
1148
4021
-3275
-4043
-2856
4711
1964
2110
80
5395
3167
2684
910
-4463
4605
5090
2135
-2253
-424
3252
4029
-4505
-4871
-3663
-3249
4465
5714
5745
3335
-4334
960
-2307
2562
-2533
-1379
-5732
-2751
3309
3032
-4512
184
4454
-3342
2961
-5564
4439
4853
-3184
-3852
1801
-2711
-2753
-4028
1932
-207
2442
-2360
480
-1112
1509
-5315
132
4845
5493
-2313
2112
-5819
1923
-3373
4566
4660
5475
-170
-2343
2211
4580
-17
-929
293
606
-2493
1682
-5409
-2087
-2071
1860
-1419
1548
2682
4418
4864
4063
5460
3647
-5328
-2677
-1101
-4080
-2984
-782
-4875
1545
2619
-803
3355
953
-2590
5356
5878
3695
-5672
-3724
-848
-3569
-5261
-5485
-3918
5474
-3424
901
-845
5815
-3192
3323
-2447
5116
-1504
4263
-2180
878
-2072
1675
-4582
-5476
-1315
2894
2384
-1250
-1506
3984
5434
3618
5485
5665
532
4261
-3914
-1542
4293
-3188
-2921
-4949
855
4386
3867
-3940
-3892
-287
87
2358
-2128
-4254
3793
-3846
3479
-4096
5752
-3426
2324
-4333
-2607
2336
1966
5857
-2050
-5815
-52
-5419
4748
-2883
2410
2301
-2976
5339
-2865
-2264
-3526
1800
-4973
-4883
720
-5727
3018
-5265
-2787
-1624
2561
4631
1309
4174
-2438
2350
-5538
-1214
-2383
-2185
5482
-117
-5628
1296
1091
5917
2966
-378
4775
