127
106
726
707
-331
208
-731
656
-826
-104
173
-395
-721
472
-347
1051
1268
-1066
-795
1131
-510
554
610
-1157
-469
-1075
102
-462
-479
-97
-448
422
1190
-134
827
805
10
882
-160
-263
321
412
1129
-100
840
624
-298
-613
-553
331
948
940
-1260
156
141
476
146
-975
375
-425
1243
244
-799
-1101
196
-816
-351
-620
-309
-1009
-343
1182
937
1135
-314
973
904
689
152
1156
1100
892
500
826
77
-1178
61
592
978
-498
-1224
-991
12
-766
18
-424
-845
514
-192
-663
-57
1136
992
925
672
828
-548
597
-591
338
844
1041
-717
926
264
169
159
-624
1220
346
277
742
579
-268
793
279
-307
685
