400
-3229
-2332
-2977
1908
3065
2406
-1732
-3988
2709
-3374
569
-962
-49
-3039
1630
2719
-1793
1890
-2967
398
1967
-3693
-1148
-2804
-576
809
1414
-2182
1364
1314
123
-2963
-512
-630
-262
-651
-469
-1416
2240
-2279
-2515
426
-1485
2143
32
-914
2515
-1533
-2132
-1809
2042
3075
3410
2138
-2705
-3895
-1292
-1126
925
3436
-2664
480
-413
1233
-3209
-2047
-1199
-1600
-1422
-1706
-2418
-2130
-1041
1826
3700
3269
-1272
3138
-3382
-101
3183
-1117
2501
1003
1768
268
-157
-726
-3434
-1578
-2637
-2333
-1374
510
-3231
2710
-2867
-1588
3064
-3537
-967
-3193
2175
973
-2118
-2442
-3191
1452
3671
-1919
2146
-1530
127
-652
1947
3010
-756
-909
3639
-3933
3376
-1552
-580
-2983
250
-2363
-1755
-2897
2843
-935
918
3954
1736
-2861
-3400
-2961
-3486
-289
1482
-2211
-3611
-3435
3598
-3101
-2639
-3085
-3828
441
1369
2697
2775
-3388
-118
-1349
2227
905
3657
1379
-1595
-1295
-640
-474
-2523
-3982
-2095
-151
3343
1794
1791
1072
-3626
3840
-2341
-3516
-2076
2700
2545
-3293
1583
-1398
-643
2459
983
2694
2085
-3573
-367
2234
-45
-3856
3737
-3979
-827
3218
-3866
2852
2445
-2529
2452
1253
1292
-2402
815
-749
-1192
1215
-3781
879
-1263
3787
1352
3471
465
-3511
-2958
3859
933
-478
1251
-1526
-380
400
-3337
-926
-1134
2289
-1203
2253
3571
-2222
-1543
131
3301
-1195
-2001
-3518
1324
3685
-3162
629
1705
-2617
-666
-3333
385
-3545
586
543
-814
-2752
3038
1245
-2051
83
-3334
2681
-3985
1137
-1854
3677
-2285
1191
-3884
-2814
1723
-197
1181
3803
-2497
2213
-613
-3716
3741
-492
3931
1944
781
1847
-1691
-3848
2907
2430
-229
-3490
2352
-3752
27
382
-1780
-3415
1598
-825
-2236
677
-2550
-2099
3127
176
-2071
308
-501
3204
1225
3294
1092
-3002
-3698
513
3852
-1887
3358
2035
3382
3961
2941
-2050
-1002
-2553
-77
-1844
3511
987
-954
-3310
-3268
2336
-1051
2141
698
260
1718
-3161
-1417
-470
-3579
2890
-2988
1098
3957
-3062
-3401
1806
-92
-3115
-999
-2014
2027
-768
2825
1984
-3348
713
-2989
899
3699
2110
1534
-550
1623
-3712
3879
-2133
1424
1858
-12
1815
3903
-1030
3289
436
-1615
-2069
705
3914
-444
3798
-2159
-2462
-172
2045
-1493
3675
-780
1832
-3607
-1771
2017
3112
-1339
-1504
2267
3847
-3561
892
2774
-3341
1939
-3109
-3343
-3010
